30100,'01MF',815,,842,8,,,1,140,,843,8,,,1,180,,844,8,,,1,180,,845,8,,,1,140,,846,8,,,1,180,,847,8,,,1,180,,848,8,,,1,140,,849,8,,,1,185,,850,8,,,1,190,,851,8,,,1
30100,'01SA',625,,852,8,,,1,185,,853,8,,,1,145,,854,8,,,1,185,,855,8,,,1,185,,856,8,,,1,185,,857,8,,,1,145,,858,8,,,1,185,,859,8,,,1,185,,860,8,,,1,185,,861,8,,,1,145,,862,8,,,1
30100,'01SU',725,,863,8,,,1,185,,864,8,,,1,145,,865,8,,,1,185,,866,8,,,1,185,,867,8,,,1,185,,868,8,,,1,145,,869,8,,,1,185,,870,8,,,1,185,,871,8,,,1,185,,872,8,,,1,145,,873,8,,,1
30100,'02MF',640,,874,8,,,1,185,,875,8,,,1,180,,876,8,,,1,140,,877,8,,,1,180,,878,8,,,1,180,,879,8,,,1,140,,880,8,,,1,180,,881,8,,,1,185,,882,8,,,1,145,,883,8,,,1,190,,884,8,,,1
30100,'02SA',640,,885,8,,,1,185,,886,8,,,1,185,,887,8,,,1,145,,888,8,,,1,185,,889,8,,,1,185,,890,8,,,1,185,,891,8,,,1,145,,892,8,,,1,185,,893,8,,,1,185,,894,8,,,1
30100,'02SU',925,,895,8,,,1,185,,896,8,,,1,145,,897,8,,,1,185,,898,8,,,1,185,,899,8,,,1,185,,900,8,,,1,145,,901,8,,,1,185,,902,8,,,1,185,,903,8,,,1
30100,'03MF',655,,904,8,,,1,180,,905,8,,,1,180,,906,8,,,1,140,,907,8,,,1,180,,908,8,,,1,180,,909,8,,,1,140,,910,8,,,1,180,,911,8,,,1
30100,'03SA',655,,912,8,,,1,185,,913,8,,,1,185,,914,8,,,1,185,,915,8,,,1,145,,916,8,,,1,185,,917,8,,,1,185,,918,8,,,1,185,,919,8,,,1,145,,920,8,,,1,185,,921,8,,,1,185,,922,8,,,1
30100,'03SU',755,,923,8,,,1,185,,924,8,,,1,185,,925,8,,,1,185,,926,8,,,1,145,,927,8,,,1,185,,928,8,,,1,185,,929,8,,,1,185,,930,8,,,1,145,,931,8,,,1,185,,932,8,,,1
30100,'04MF',845,,933,8,,,1,180,,934,8,,,1,180,,935,8,,,1,140,,936,8,,,1,180,,937,8,,,1,180,,938,8,,,1,140,,939,8,,,1,180,,940,8,,,1,185,,941,8,,,1,190,,942,8,,,1
30100,'04SA',710,,943,8,,,1,145,,944,8,,,1,185,,945,8,,,1,185,,946,8,,,1,185,,947,8,,,1,145,,948,8,,,1,185,,949,8,,,1,185,,950,8,,,1,185,,951,8,,,1,145,,952,8,,,1
30100,'04SU',955,,953,8,,,1,185,,954,8,,,1,185,,955,8,,,1,185,,956,8,,,1,145,,957,8,,,1,185,,958,8,,,1,185,,959,8,,,1,185,,960,8,,,1,145,,961,8,,,1
30100,'05MF',710,,962,8,,,1,145,,963,8,,,1,180,,964,8,,,1,180,,965,8,,,1,140,,966,8,,,1,180,,967,8,,,1,180,,968,8,,,1,140,,969,8,,,1,185,,970,8,,,1,185,,971,8,,,1
30100,'05SA',725,,972,8,,,1,185,,973,8,,,1,145,,974,8,,,1,185,,975,8,,,1,185,,976,8,,,1,185,,977,8,,,1,145,,978,8,,,1,185,,979,8,,,1,185,,980,8,,,1,185,,981,8,,,1,145,,982,8,,,1
30100,'05SU',825,,983,8,,,1,185,,984,8,,,1,145,,985,8,,,1,185,,986,8,,,1,185,,987,8,,,1,185,,988,8,,,1,145,,989,8,,,1,185,,990,8,,,1,185,,991,8,,,1
30100,'06MF',725,,992,8,,,1,180,,993,8,,,1,140,,994,8,,,1,180,,995,8,,,1,180,,996,8,,,1,140,,997,8,,,1,180,,998,8,,,1,180,,999,8,,,1
30100,'06SA',740,,1000,8,,,1,185,,1001,8,,,1,185,,1002,8,,,1,145,,1003,8,,,1,185,,1004,8,,,1,185,,1005,8,,,1,185,,1006,8,,,1,145,,1007,8,,,1,185,,1008,8,,,1,185,,1009,8,,,1
30100,'06SU',1025,,1010,8,,,1,185,,1011,8,,,1,145,,1012,8,,,1,185,,1013,8,,,1,185,,1014,8,,,1,185,,1015,8,,,1,145,,1016,8,,,1,185,,1017,8,,,1,185,,1018,8,,,1
30100,'07MF',555,,1019,8,,,1,180,,1020,8,,,1,180,,1021,8,,,1,140,,1022,8,,,1,180,,1023,8,,,1,180,,1024,8,,,1,140,,1025,8,,,1,180,,1026,8,,,1,180,,1027,8,,,1,140,,1028,8,,,1,185,,1029,8,,,1,185,,1030,8,,,1
30100,'07SA',755,,1031,8,,,1,185,,1032,8,,,1,185,,1033,8,,,1,185,,1034,8,,,1,145,,1035,8,,,1,185,,1036,8,,,1,185,,1037,8,,,1,185,,1038,8,,,1,145,,1039,8,,,1,185,,1040,8,,,1
30100,'07SU',855,,1041,8,,,1,185,,1042,8,,,1,185,,1043,8,,,1,185,,1044,8,,,1,145,,1045,8,,,1,185,,1046,8,,,1,185,,1047,8,,,1,185,,1048,8,,,1,145,,1049,8,,,1
30100,'08MF',745,,1050,8,,,1,180,,1051,8,,,1,180,,1052,8,,,1,140,,1053,8,,,1,180,,1054,8,,,1,180,,1055,8,,,1,140,,1056,8,,,1,180,,1057,8,,,1,185,,1058,8,,,1,190,,1059,8,,,1
30100,'09MF',755,,1060,8,,,1,180,,1061,8,,,1,180,,1062,8,,,1,140,,1063,8,,,1,180,,1064,8,,,1,180,,1065,8,,,1,140,,1066,8,,,1,185,,1067,8,,,1,185,,1068,8,,,1,190,,1069,8,,,1,140,,1070,8,,,1
30100,'10MF',625,,1071,8,,,1,180,,1072,8,,,1,140,,1073,8,,,1,180,,1074,8,,,1,180,,1075,8,,,1,140,,1076,8,,,1,180,,1077,8,,,1,180,,1078,8,,,1
