30101,'01MF',728,,606,11,,,1,180,,607,11,,,1,140,,608,11,,,1,180,,609,11,,,1,180,,610,11,,,1,140,,611,11,,,1,180,,612,11,,,1,180,,613,11,,,1,145,,614,11,,,1,185,,615,11,,,1
30101,'01SA',723,,616,11,,,1,185,,617,11,,,1,145,,618,11,,,1,185,,619,11,,,1,185,,620,11,,,1,185,,621,11,,,1,145,,622,11,,,1,185,,623,11,,,1,185,,624,11,,,1,185,,625,11,,,1
30101,'01SU',636,,626,9,,,1,187,,627,11,,,1,185,,628,11,,,1,145,,629,11,,,1,185,,630,11,,,1,185,,631,11,,,1,185,,632,11,,,1,145,,633,11,,,1,185,,634,11,,,1,185,,635,11,,,1,185,,636,11,,,1
30101,'02MF',553,,637,11,,,1,185,,638,11,,,1,180,,639,11,,,1,140,,640,11,,,1,180,,641,11,,,1,180,,642,11,,,1,140,,643,11,,,1,180,,644,11,,,1,185,,645,11,,,1,185,,646,11,,,1,145,,647,11,,,1
30101,'02SA',553,,648,11,,,1,185,,649,11,,,1,185,,650,11,,,1,185,,651,11,,,1,145,,652,11,,,1,185,,653,11,,,1,185,,654,11,,,1,185,,655,11,,,1,145,,656,11,,,1,185,,657,11,,,1
30101,'02SU',838,,658,11,,,1,185,,659,11,,,1,185,,660,11,,,1,145,,661,11,,,1,185,,662,11,,,1,185,,663,11,,,1,185,,664,11,,,1,145,,665,11,,,1,185,,666,11,,,1
30101,'03MF',608,,667,11,,,1,140,,668,11,,,1,180,,669,11,,,1,180,,670,11,,,1,140,,671,11,,,1,180,,672,11,,,1,180,,673,11,,,1,140,,674,11,,,1
30101,'03SA',608,,675,11,,,1,145,,676,11,,,1,185,,677,11,,,1,185,,678,11,,,1,185,,679,11,,,1,145,,680,11,,,1,185,,681,11,,,1,185,,682,11,,,1,185,,683,11,,,1,145,,684,11,,,1,185,,685,11,,,1
30101,'03SU',708,,686,11,,,1,145,,687,11,,,1,185,,688,11,,,1,185,,689,11,,,1,185,,690,11,,,1,145,,691,11,,,1,185,,692,11,,,1,185,,693,11,,,1,185,,694,11,,,1,145,,695,11,,,1
30101,'04MF',758,,696,11,,,1,180,,697,11,,,1,180,,698,11,,,1,140,,699,11,,,1,180,,700,11,,,1,180,,701,11,,,1,140,,702,11,,,1,180,,703,11,,,1,185,,704,11,,,1,185,,705,11,,,1
30101,'04SA',623,,706,11,,,1,185,,707,11,,,1,145,,708,11,,,1,185,,709,11,,,1,185,,710,11,,,1,185,,711,11,,,1,145,,712,11,,,1,185,,713,11,,,1,185,,714,11,,,1,185,,715,11,,,1
30101,'04SU',908,,716,11,,,1,145,,717,11,,,1,185,,718,11,,,1,185,,719,11,,,1,185,,720,11,,,1,145,,721,11,,,1,185,,722,11,,,1,185,,723,11,,,1,185,,724,11,,,1
30101,'05MF',623,,725,11,,,1,185,,726,11,,,1,140,,727,11,,,1,180,,728,11,,,1,180,,729,11,,,1,140,,730,11,,,1,180,,731,11,,,1,180,,732,11,,,1,145,,733,11,,,1,185,,734,11,,,1
30101,'05SA',638,,735,11,,,1,185,,736,11,,,1,185,,737,11,,,1,145,,738,11,,,1,185,,739,11,,,1,185,,740,11,,,1,185,,741,11,,,1,145,,742,11,,,1,185,,743,11,,,1,185,,744,11,,,1,185,,745,11,,,1
30101,'05SU',738,,746,11,,,1,185,,747,11,,,1,185,,748,11,,,1,145,,749,11,,,1,185,,750,11,,,1,185,,751,11,,,1,185,,752,11,,,1,145,,753,11,,,1,185,,754,11,,,1
30101,'06MF',638,,755,11,,,1,180,,756,11,,,1,140,,757,11,,,1,180,,758,11,,,1,180,,759,11,,,1,140,,760,11,,,1,180,,761,11,,,1,180,,762,11,,,1
30101,'06SA',653,,763,11,,,1,185,,764,11,,,1,185,,765,11,,,1,185,,766,11,,,1,145,,767,11,,,1,185,,768,11,,,1,185,,769,11,,,1,185,,770,11,,,1,145,,771,11,,,1,185,,772,11,,,1
30101,'06SU',938,,773,11,,,1,185,,774,11,,,1,185,,775,11,,,1,145,,776,11,,,1,185,,777,11,,,1,185,,778,11,,,1,185,,779,11,,,1,145,,780,11,,,1,185,,781,11,,,1
30101,'07MF',505,,782,9,,,1,143,,783,11,,,1,180,,784,11,,,1,180,,785,11,,,1,140,,786,11,,,1,180,,787,11,,,1,180,,788,11,,,1,140,,789,11,,,1,180,,790,11,,,1,180,,791,11,,,1,145,,792,11,,,1,185,,793,11,,,1
30101,'07SA',708,,794,11,,,1,145,,795,11,,,1,185,,796,11,,,1,185,,797,11,,,1,185,,798,11,,,1,145,,799,11,,,1,185,,800,11,,,1,185,,801,11,,,1,185,,802,11,,,1,145,,803,11,,,1
30101,'07SU',808,,804,11,,,1,145,,805,11,,,1,185,,806,11,,,1,185,,807,11,,,1,185,,808,11,,,1,145,,809,11,,,1,185,,810,11,,,1,185,,811,11,,,1,185,,812,11,,,1
30101,'08MF',658,,813,11,,,1,180,,814,11,,,1,180,,815,11,,,1,140,,816,11,,,1,180,,817,11,,,1,180,,818,11,,,1,140,,819,11,,,1,180,,820,11,,,1,185,,821,11,,,1,185,,822,11,,,1
30101,'09MF',708,,823,11,,,1,140,,824,11,,,1,180,,825,11,,,1,180,,826,11,,,1,140,,827,11,,,1,180,,828,11,,,1,180,,829,11,,,1,145,,830,11,,,1,185,,831,11,,,1,185,,832,11,,,1,185,,833,11,,,1
30101,'10MF',538,,834,11,,,1,180,,835,11,,,1,140,,836,11,,,1,180,,837,11,,,1,180,,838,11,,,1,140,,839,11,,,1,180,,840,11,,,1,180,,841,11,,,1
