30101,'01MF',719,,606,7,,,1,140,,607,7,,,1,180,,608,7,,,1,180,,609,7,,,1,140,,610,7,,,1,180,,611,7,,,1,180,,612,7,,,1,140,,613,7,,,1,185,,614,7,,,1,185,,615,7,,,1
30101,'01SA',714,,616,7,,,1,145,,617,7,,,1,185,,618,7,,,1,185,,619,7,,,1,185,,620,7,,,1,145,,621,7,,,1,185,,622,7,,,1,185,,623,7,,,1,185,,624,7,,,1,145,,625,7,,,1
30101,'01SU',627,,626,5,,,1,187,,627,7,,,1,145,,628,7,,,1,185,,629,7,,,1,185,,630,7,,,1,185,,631,7,,,1,145,,632,7,,,1,185,,633,7,,,1,185,,634,7,,,1,185,,635,7,,,1,145,,636,7,,,1
30101,'02MF',544,,637,7,,,1,185,,638,7,,,1,180,,639,7,,,1,140,,640,7,,,1,180,,641,7,,,1,180,,642,7,,,1,140,,643,7,,,1,180,,644,7,,,1,185,,645,7,,,1,145,,646,7,,,1,185,,647,7,,,1
30101,'02SA',544,,648,7,,,1,185,,649,7,,,1,185,,650,7,,,1,145,,651,7,,,1,185,,652,7,,,1,185,,653,7,,,1,185,,654,7,,,1,145,,655,7,,,1,185,,656,7,,,1,185,,657,7,,,1
30101,'02SU',829,,658,7,,,1,185,,659,7,,,1,145,,660,7,,,1,185,,661,7,,,1,185,,662,7,,,1,185,,663,7,,,1,145,,664,7,,,1,185,,665,7,,,1,185,,666,7,,,1
30101,'03MF',559,,667,7,,,1,180,,668,7,,,1,180,,669,7,,,1,140,,670,7,,,1,180,,671,7,,,1,180,,672,7,,,1,140,,673,7,,,1,180,,674,7,,,1
30101,'03SA',559,,675,7,,,1,185,,676,7,,,1,185,,677,7,,,1,185,,678,7,,,1,145,,679,7,,,1,185,,680,7,,,1,185,,681,7,,,1,185,,682,7,,,1,145,,683,7,,,1,185,,684,7,,,1,185,,685,7,,,1
30101,'03SU',659,,686,7,,,1,185,,687,7,,,1,185,,688,7,,,1,185,,689,7,,,1,145,,690,7,,,1,185,,691,7,,,1,185,,692,7,,,1,185,,693,7,,,1,145,,694,7,,,1,185,,695,7,,,1
30101,'04MF',749,,696,7,,,1,180,,697,7,,,1,180,,698,7,,,1,140,,699,7,,,1,180,,700,7,,,1,180,,701,7,,,1,140,,702,7,,,1,180,,703,7,,,1,185,,704,7,,,1,145,,705,7,,,1
30101,'04SA',614,,706,7,,,1,145,,707,7,,,1,185,,708,7,,,1,185,,709,7,,,1,185,,710,7,,,1,145,,711,7,,,1,185,,712,7,,,1,185,,713,7,,,1,185,,714,7,,,1,145,,715,7,,,1
30101,'04SU',859,,716,7,,,1,185,,717,7,,,1,185,,718,7,,,1,185,,719,7,,,1,145,,720,7,,,1,185,,721,7,,,1,185,,722,7,,,1,185,,723,7,,,1,145,,724,7,,,1
30101,'05MF',614,,725,7,,,1,145,,726,7,,,1,180,,727,7,,,1,180,,728,7,,,1,140,,729,7,,,1,180,,730,7,,,1,180,,731,7,,,1,140,,732,7,,,1,185,,733,7,,,1,185,,734,7,,,1
30101,'05SA',629,,735,7,,,1,185,,736,7,,,1,145,,737,7,,,1,185,,738,7,,,1,185,,739,7,,,1,185,,740,7,,,1,145,,741,7,,,1,185,,742,7,,,1,185,,743,7,,,1,185,,744,7,,,1,145,,745,7,,,1
30101,'05SU',729,,746,7,,,1,185,,747,7,,,1,145,,748,7,,,1,185,,749,7,,,1,185,,750,7,,,1,185,,751,7,,,1,145,,752,7,,,1,185,,753,7,,,1,185,,754,7,,,1
30101,'06MF',629,,755,7,,,1,180,,756,7,,,1,140,,757,7,,,1,180,,758,7,,,1,180,,759,7,,,1,140,,760,7,,,1,180,,761,7,,,1,180,,762,7,,,1
30101,'06SA',644,,763,7,,,1,185,,764,7,,,1,185,,765,7,,,1,145,,766,7,,,1,185,,767,7,,,1,185,,768,7,,,1,185,,769,7,,,1,145,,770,7,,,1,185,,771,7,,,1,185,,772,7,,,1
30101,'06SU',929,,773,7,,,1,185,,774,7,,,1,145,,775,7,,,1,185,,776,7,,,1,185,,777,7,,,1,185,,778,7,,,1,145,,779,7,,,1,185,,780,7,,,1,185,,781,7,,,1
30101,'07MF',456,,782,5,,,1,183,,783,7,,,1,180,,784,7,,,1,140,,785,7,,,1,180,,786,7,,,1,180,,787,7,,,1,140,,788,7,,,1,180,,789,7,,,1,180,,790,7,,,1,140,,791,7,,,1,185,,792,7,,,1,185,,793,7,,,1
30101,'07SA',659,,794,7,,,1,185,,795,7,,,1,185,,796,7,,,1,185,,797,7,,,1,145,,798,7,,,1,185,,799,7,,,1,185,,800,7,,,1,185,,801,7,,,1,145,,802,7,,,1,185,,803,7,,,1
30101,'07SU',759,,804,7,,,1,185,,805,7,,,1,185,,806,7,,,1,185,,807,7,,,1,145,,808,7,,,1,185,,809,7,,,1,185,,810,7,,,1,185,,811,7,,,1,145,,812,7,,,1
30101,'08MF',649,,813,7,,,1,180,,814,7,,,1,180,,815,7,,,1,140,,816,7,,,1,180,,817,7,,,1,180,,818,7,,,1,140,,819,7,,,1,180,,820,7,,,1,185,,821,7,,,1,145,,822,7,,,1
30101,'09MF',659,,823,7,,,1,180,,824,7,,,1,180,,825,7,,,1,140,,826,7,,,1,180,,827,7,,,1,180,,828,7,,,1,140,,829,7,,,1,185,,830,7,,,1,185,,831,7,,,1,185,,832,7,,,1,145,,833,7,,,1
30101,'10MF',529,,834,7,,,1,180,,835,7,,,1,140,,836,7,,,1,180,,837,7,,,1,180,,838,7,,,1,140,,839,7,,,1,180,,840,7,,,1,180,,841,7,,,1
