30101,'01MF',733,,606,13,,,0,180,,607,13,,,0,140,,608,13,,,0,180,,609,13,,,0,180,,610,13,,,0,140,,611,13,,,0,180,,612,13,,,0,180,,613,13,,,0,145,,614,13,,,0,185,,615,13,,,0
30101,'01SA',728,,616,13,,,0,185,,617,13,,,0,145,,618,13,,,0,185,,619,13,,,0,185,,620,13,,,0,185,,621,13,,,0,145,,622,13,,,0,185,,623,13,,,0,185,,624,13,,,0,185,,625,13,,,0
30101,'01SU',641,,626,11,,,0,187,,627,13,,,0,185,,628,13,,,0,145,,629,13,,,0,185,,630,13,,,0,185,,631,13,,,0,185,,632,13,,,0,145,,633,13,,,0,185,,634,13,,,0,185,,635,13,,,0,185,,636,13,,,0
30101,'02MF',558,,637,13,,,0,185,,638,13,,,0,180,,639,13,,,0,180,,640,13,,,0,140,,641,13,,,0,180,,642,13,,,0,180,,643,13,,,0,140,,644,13,,,0,185,,645,13,,,0,185,,646,13,,,0,145,,647,13,,,0
30101,'02SA',558,,648,13,,,0,185,,649,13,,,0,185,,650,13,,,0,185,,651,13,,,0,145,,652,13,,,0,185,,653,13,,,0,185,,654,13,,,0,185,,655,13,,,0,145,,656,13,,,0,185,,657,13,,,0
30101,'02SU',843,,658,13,,,0,185,,659,13,,,0,185,,660,13,,,0,145,,661,13,,,0,185,,662,13,,,0,185,,663,13,,,0,185,,664,13,,,0,145,,665,13,,,0,185,,666,13,,,0
30101,'03MF',613,,667,13,,,0,140,,668,13,,,0,180,,669,13,,,0,180,,670,13,,,0,140,,671,13,,,0,180,,672,13,,,0,180,,673,13,,,0,140,,674,13,,,0
30101,'03SA',613,,675,13,,,0,145,,676,13,,,0,185,,677,13,,,0,185,,678,13,,,0,185,,679,13,,,0,145,,680,13,,,0,185,,681,13,,,0,185,,682,13,,,0,185,,683,13,,,0,145,,684,13,,,0,185,,685,13,,,0
30101,'03SU',713,,686,13,,,0,145,,687,13,,,0,185,,688,13,,,0,185,,689,13,,,0,185,,690,13,,,0,145,,691,13,,,0,185,,692,13,,,0,185,,693,13,,,0,185,,694,13,,,0,145,,695,13,,,0
30101,'04MF',803,,696,13,,,0,140,,697,13,,,0,180,,698,13,,,0,180,,699,13,,,0,140,,700,13,,,0,180,,701,13,,,0,180,,702,13,,,0,140,,703,13,,,0,185,,704,13,,,0,185,,705,13,,,0
30101,'04SA',628,,706,13,,,0,185,,707,13,,,0,145,,708,13,,,0,185,,709,13,,,0,185,,710,13,,,0,185,,711,13,,,0,145,,712,13,,,0,185,,713,13,,,0,185,,714,13,,,0,185,,715,13,,,0
30101,'04SU',913,,716,13,,,0,145,,717,13,,,0,185,,718,13,,,0,185,,719,13,,,0,185,,720,13,,,0,145,,721,13,,,0,185,,722,13,,,0,185,,723,13,,,0,185,,724,13,,,0
30101,'05MF',628,,725,13,,,0,185,,726,13,,,0,140,,727,13,,,0,180,,728,13,,,0,180,,729,13,,,0,140,,730,13,,,0,180,,731,13,,,0,180,,732,13,,,0,145,,733,13,,,0,185,,734,13,,,0
30101,'05SA',643,,735,13,,,0,185,,736,13,,,0,185,,737,13,,,0,145,,738,13,,,0,185,,739,13,,,0,185,,740,13,,,0,185,,741,13,,,0,145,,742,13,,,0,185,,743,13,,,0,185,,744,13,,,0,185,,745,13,,,0
30101,'05SU',743,,746,13,,,0,185,,747,13,,,0,185,,748,13,,,0,145,,749,13,,,0,185,,750,13,,,0,185,,751,13,,,0,185,,752,13,,,0,145,,753,13,,,0,185,,754,13,,,0
30101,'06MF',643,,755,13,,,0,180,,756,13,,,0,180,,757,13,,,0,140,,758,13,,,0,180,,759,13,,,0,180,,760,13,,,0,140,,761,13,,,0,180,,762,13,,,0
30101,'06SA',658,,763,13,,,0,185,,764,13,,,0,185,,765,13,,,0,185,,766,13,,,0,145,,767,13,,,0,185,,768,13,,,0,185,,769,13,,,0,185,,770,13,,,0,145,,771,13,,,0,185,,772,13,,,0
30101,'06SU',943,,773,13,,,0,185,,774,13,,,0,185,,775,13,,,0,145,,776,13,,,0,185,,777,13,,,0,185,,778,13,,,0,185,,779,13,,,0,145,,780,13,,,0,185,,781,13,,,0
30101,'07MF',510,,782,11,,,0,143,,783,13,,,0,180,,784,13,,,0,180,,785,13,,,0,140,,786,13,,,0,180,,787,13,,,0,180,,788,13,,,0,140,,789,13,,,0,180,,790,13,,,0,180,,791,13,,,0,145,,792,13,,,0,185,,793,13,,,0
30101,'07SA',713,,794,13,,,0,145,,795,13,,,0,185,,796,13,,,0,185,,797,13,,,0,185,,798,13,,,0,145,,799,13,,,0,185,,800,13,,,0,185,,801,13,,,0,185,,802,13,,,0,145,,803,13,,,0
30101,'07SU',813,,804,13,,,0,145,,805,13,,,0,185,,806,13,,,0,185,,807,13,,,0,185,,808,13,,,0,145,,809,13,,,0,185,,810,13,,,0,185,,811,13,,,0,185,,812,13,,,0
30101,'08MF',703,,813,13,,,0,140,,814,13,,,0,180,,815,13,,,0,180,,816,13,,,0,140,,817,13,,,0,180,,818,13,,,0,180,,819,13,,,0,140,,820,13,,,0,185,,821,13,,,0,185,,822,13,,,0
30101,'09MF',713,,823,13,,,0,140,,824,13,,,0,180,,825,13,,,0,180,,826,13,,,0,140,,827,13,,,0,180,,828,13,,,0,180,,829,13,,,0,145,,830,13,,,0,185,,831,13,,,0,185,,832,13,,,0,185,,833,13,,,0
30101,'10MF',543,,834,13,,,0,180,,835,13,,,0,180,,836,13,,,0,140,,837,13,,,0,180,,838,13,,,0,180,,839,13,,,0,140,,840,13,,,0,180,,841,13,,,0
