30100,'01MF',827,,842,13,,,1,180,,843,13,,,1,140,,844,13,,,1,180,,845,13,,,1,180,,846,13,,,1,140,,847,13,,,1,180,,848,13,,,1,180,,849,13,,,1,145,,850,13,,,1,190,,851,13,,,1
30100,'01SA',637,,852,13,,,1,185,,853,13,,,1,185,,854,13,,,1,145,,855,13,,,1,185,,856,13,,,1,185,,857,13,,,1,185,,858,13,,,1,145,,859,13,,,1,185,,860,13,,,1,185,,861,13,,,1,185,,862,13,,,1
30100,'01SU',737,,863,13,,,1,185,,864,13,,,1,185,,865,13,,,1,145,,866,13,,,1,185,,867,13,,,1,185,,868,13,,,1,185,,869,13,,,1,145,,870,13,,,1,185,,871,13,,,1,185,,872,13,,,1,185,,873,13,,,1
30100,'02MF',652,,874,13,,,1,185,,875,13,,,1,180,,876,13,,,1,140,,877,13,,,1,180,,878,13,,,1,180,,879,13,,,1,140,,880,13,,,1,180,,881,13,,,1,185,,882,13,,,1,185,,883,13,,,1,150,,884,13,,,1
30100,'02SA',652,,885,13,,,1,185,,886,13,,,1,185,,887,13,,,1,185,,888,13,,,1,145,,889,13,,,1,185,,890,13,,,1,185,,891,13,,,1,185,,892,13,,,1,145,,893,13,,,1,185,,894,13,,,1
30100,'02SU',937,,895,13,,,1,185,,896,13,,,1,185,,897,13,,,1,145,,898,13,,,1,185,,899,13,,,1,185,,900,13,,,1,185,,901,13,,,1,145,,902,13,,,1,185,,903,13,,,1
30100,'03MF',707,,904,13,,,1,140,,905,13,,,1,180,,906,13,,,1,180,,907,13,,,1,140,,908,13,,,1,180,,909,13,,,1,180,,910,13,,,1,140,,911,13,,,1
30100,'03SA',707,,912,13,,,1,145,,913,13,,,1,185,,914,13,,,1,185,,915,13,,,1,185,,916,13,,,1,145,,917,13,,,1,185,,918,13,,,1,185,,919,13,,,1,185,,920,13,,,1,145,,921,13,,,1,185,,922,13,,,1
30100,'03SU',807,,923,13,,,1,145,,924,13,,,1,185,,925,13,,,1,185,,926,13,,,1,185,,927,13,,,1,145,,928,13,,,1,185,,929,13,,,1,185,,930,13,,,1,185,,931,13,,,1,145,,932,13,,,1
30100,'04MF',857,,933,13,,,1,180,,934,13,,,1,180,,935,13,,,1,140,,936,13,,,1,180,,937,13,,,1,180,,938,13,,,1,140,,939,13,,,1,180,,940,13,,,1,185,,941,13,,,1,190,,942,13,,,1
30100,'04SA',722,,943,13,,,1,185,,944,13,,,1,145,,945,13,,,1,185,,946,13,,,1,185,,947,13,,,1,185,,948,13,,,1,145,,949,13,,,1,185,,950,13,,,1,185,,951,13,,,1,185,,952,13,,,1
30100,'04SU',1007,,953,13,,,1,145,,954,13,,,1,185,,955,13,,,1,185,,956,13,,,1,185,,957,13,,,1,145,,958,13,,,1,185,,959,13,,,1,185,,960,13,,,1,185,,961,13,,,1
30100,'05MF',722,,962,13,,,1,185,,963,13,,,1,140,,964,13,,,1,180,,965,13,,,1,180,,966,13,,,1,140,,967,13,,,1,180,,968,13,,,1,180,,969,13,,,1,145,,970,13,,,1,185,,971,13,,,1
30100,'05SA',737,,972,13,,,1,185,,973,13,,,1,185,,974,13,,,1,145,,975,13,,,1,185,,976,13,,,1,185,,977,13,,,1,185,,978,13,,,1,145,,979,13,,,1,185,,980,13,,,1,185,,981,13,,,1,185,,982,13,,,1
30100,'05SU',837,,983,13,,,1,185,,984,13,,,1,185,,985,13,,,1,145,,986,13,,,1,185,,987,13,,,1,185,,988,13,,,1,185,,989,13,,,1,145,,990,13,,,1,185,,991,13,,,1
30100,'06MF',737,,992,13,,,1,180,,993,13,,,1,140,,994,13,,,1,180,,995,13,,,1,180,,996,13,,,1,140,,997,13,,,1,180,,998,13,,,1,180,,999,13,,,1
30100,'06SA',752,,1000,13,,,1,185,,1001,13,,,1,185,,1002,13,,,1,185,,1003,13,,,1,145,,1004,13,,,1,185,,1005,13,,,1,185,,1006,13,,,1,185,,1007,13,,,1,145,,1008,13,,,1,185,,1009,13,,,1
30100,'06SU',1037,,1010,13,,,1,185,,1011,13,,,1,185,,1012,13,,,1,145,,1013,13,,,1,185,,1014,13,,,1,185,,1015,13,,,1,185,,1016,13,,,1,145,,1017,13,,,1,185,,1018,13,,,1
30100,'07MF',607,,1019,13,,,1,140,,1020,13,,,1,180,,1021,13,,,1,180,,1022,13,,,1,140,,1023,13,,,1,180,,1024,13,,,1,180,,1025,13,,,1,140,,1026,13,,,1,180,,1027,13,,,1,180,,1028,13,,,1,145,,1029,13,,,1,185,,1030,13,,,1
30100,'07SA',807,,1031,13,,,1,145,,1032,13,,,1,185,,1033,13,,,1,185,,1034,13,,,1,185,,1035,13,,,1,145,,1036,13,,,1,185,,1037,13,,,1,185,,1038,13,,,1,185,,1039,13,,,1,145,,1040,13,,,1
30100,'07SU',907,,1041,13,,,1,145,,1042,13,,,1,185,,1043,13,,,1,185,,1044,13,,,1,185,,1045,13,,,1,145,,1046,13,,,1,185,,1047,13,,,1,185,,1048,13,,,1,185,,1049,13,,,1
30100,'08MF',757,,1050,13,,,1,180,,1051,13,,,1,180,,1052,13,,,1,140,,1053,13,,,1,180,,1054,13,,,1,180,,1055,13,,,1,140,,1056,13,,,1,180,,1057,13,,,1,185,,1058,13,,,1,190,,1059,13,,,1
30100,'09MF',807,,1060,13,,,1,140,,1061,13,,,1,180,,1062,13,,,1,180,,1063,13,,,1,140,,1064,13,,,1,180,,1065,13,,,1,180,,1066,13,,,1,145,,1067,13,,,1,185,,1068,13,,,1,190,,1069,13,,,1,180,,1070,13,,,1
30100,'10MF',637,,1071,13,,,1,180,,1072,13,,,1,140,,1073,13,,,1,180,,1074,13,,,1,180,,1075,13,,,1,140,,1076,13,,,1,180,,1077,13,,,1,180,,1078,13,,,1
