30100,'01MF',810,,842,6,,,1,140,,843,6,,,1,180,,844,6,,,1,180,,845,6,,,1,140,,846,6,,,1,180,,847,6,,,1,180,,848,6,,,1,140,,849,6,,,1,185,,850,6,,,1,190,,851,6,,,1
30100,'01SA',620,,852,6,,,1,185,,853,6,,,1,145,,854,6,,,1,185,,855,6,,,1,185,,856,6,,,1,185,,857,6,,,1,145,,858,6,,,1,185,,859,6,,,1,185,,860,6,,,1,185,,861,6,,,1,145,,862,6,,,1
30100,'01SU',720,,863,6,,,1,185,,864,6,,,1,145,,865,6,,,1,185,,866,6,,,1,185,,867,6,,,1,185,,868,6,,,1,145,,869,6,,,1,185,,870,6,,,1,185,,871,6,,,1,185,,872,6,,,1,145,,873,6,,,1
30100,'02MF',635,,874,6,,,1,185,,875,6,,,1,180,40,876,6,,,1,140,,877,6,,,1,180,,878,6,,,1,180,40,879,6,,,1,140,,880,6,,,1,180,,881,6,,,1,185,,882,6,,,1,145,,883,6,,,1,190,,884,6,,,1
30100,'02SA',635,,885,6,,,1,185,,886,6,,,1,185,,887,6,,,1,145,,888,6,,,1,185,,889,6,,,1,185,,890,6,,,1,185,,891,6,,,1,145,,892,6,,,1,185,,893,6,,,1,185,,894,6,,,1
30100,'02SU',920,,895,6,,,1,185,,896,6,,,1,145,,897,6,,,1,185,,898,6,,,1,185,,899,6,,,1,185,,900,6,,,1,145,,901,6,,,1,185,,902,6,,,1,185,,903,6,,,1
30100,'03MF',650,,904,6,,,1,180,,905,6,,,1,180,,906,6,,,1,140,,907,6,,,1,180,,908,6,,,1,180,,909,6,,,1,140,,910,6,,,1,180,,911,6,,,1
30100,'03SA',650,,912,6,,,1,185,,913,6,,,1,185,,914,6,,,1,185,,915,6,,,1,145,,916,6,,,1,185,,917,6,,,1,185,,918,6,,,1,185,,919,6,,,1,145,,920,6,,,1,185,,921,6,,,1,185,,922,6,,,1
30100,'03SU',750,,923,6,,,1,185,,924,6,,,1,185,,925,6,,,1,185,,926,6,,,1,145,,927,6,,,1,185,,928,6,,,1,185,,929,6,,,1,185,,930,6,,,1,145,,931,6,,,1,185,,932,6,,,1
30100,'04MF',840,,933,6,,,1,180,,934,6,,,1,180,40,935,6,,,1,140,,936,6,,,1,180,,937,6,,,1,180,40,938,6,,,1,140,,939,6,,,1,180,,940,6,,,1,185,,941,6,,,1,150,,942,6,,,1
30100,'04SA',705,,943,6,,,1,145,,944,6,,,1,185,,945,6,,,1,185,,946,6,,,1,185,,947,6,,,1,145,,948,6,,,1,185,,949,6,,,1,185,,950,6,,,1,185,,951,6,,,1,145,,952,6,,,1
30100,'04SU',950,,953,6,,,1,185,,954,6,,,1,185,,955,6,,,1,185,,956,6,,,1,145,,957,6,,,1,185,,958,6,,,1,185,,959,6,,,1,185,,960,6,,,1,145,,961,6,,,1
30100,'05MF',705,,962,6,,,1,145,,963,6,,,1,180,,964,6,,,1,180,,965,6,,,1,140,,966,6,,,1,180,,967,6,,,1,180,,968,6,,,1,140,,969,6,,,1,185,,970,6,,,1,185,,971,6,,,1
30100,'05SA',720,,972,6,,,1,185,,973,6,,,1,145,,974,6,,,1,185,,975,6,,,1,185,,976,6,,,1,185,,977,6,,,1,145,,978,6,,,1,185,,979,6,,,1,185,,980,6,,,1,185,,981,6,,,1,145,,982,6,,,1
30100,'05SU',820,,983,6,,,1,185,,984,6,,,1,145,,985,6,,,1,185,,986,6,,,1,185,,987,6,,,1,185,,988,6,,,1,145,,989,6,,,1,185,,990,6,,,1,185,,991,6,,,1
30100,'06MF',720,,992,6,,,1,180,40,993,6,,,1,140,,994,6,,,1,180,,995,6,,,1,180,40,996,6,,,1,140,,997,6,,,1,180,,998,6,,,1,180,40,999,6,,,1
30100,'06SA',735,,1000,6,,,1,185,,1001,6,,,1,185,,1002,6,,,1,145,,1003,6,,,1,185,,1004,6,,,1,185,,1005,6,,,1,185,,1006,6,,,1,145,,1007,6,,,1,185,,1008,6,,,1,185,,1009,6,,,1
30100,'06SU',1020,,1010,6,,,1,185,,1011,6,,,1,145,,1012,6,,,1,185,,1013,6,,,1,185,,1014,6,,,1,185,,1015,6,,,1,145,,1016,6,,,1,185,,1017,6,,,1,185,,1018,6,,,1
30100,'07MF',550,,1019,6,,,1,180,,1020,6,,,1,180,,1021,6,,,1,140,,1022,6,,,1,180,,1023,6,,,1,180,,1024,6,,,1,140,,1025,6,,,1,180,,1026,6,,,1,180,,1027,6,,,1,140,,1028,6,,,1,185,,1029,6,,,1,185,,1030,6,,,1
30100,'07SA',750,,1031,6,,,1,185,,1032,6,,,1,185,,1033,6,,,1,185,,1034,6,,,1,145,,1035,6,,,1,185,,1036,6,,,1,185,,1037,6,,,1,185,,1038,6,,,1,145,,1039,6,,,1,185,,1040,6,,,1
30100,'07SU',850,,1041,6,,,1,185,,1042,6,,,1,185,,1043,6,,,1,185,,1044,6,,,1,145,,1045,6,,,1,185,,1046,6,,,1,185,,1047,6,,,1,185,,1048,6,,,1,145,,1049,6,,,1
30100,'08MF',740,,1050,6,,,1,180,,1051,6,,,1,180,40,1052,6,,,1,140,,1053,6,,,1,180,,1054,6,,,1,180,40,1055,6,,,1,140,,1056,6,,,1,180,,1057,6,,,1,185,,1058,6,,,1,150,,1059,6,,,1
30100,'09MF',750,,1060,6,,,1,180,,1061,6,,,1,180,,1062,6,,,1,140,,1063,6,,,1,180,,1064,6,,,1,180,,1065,6,,,1,140,,1066,6,,,1,185,,1067,6,,,1,185,,1068,6,,,1,190,,1069,6,,,1,140,,1070,6,,,1
30100,'10MF',620,,1071,6,,,1,180,40,1072,6,,,1,140,,1073,6,,,1,180,,1074,6,,,1,180,40,1075,6,,,1,140,,1076,6,,,1,180,,1077,6,,,1,180,40,1078,6,,,1
