30101,'01MF',704,,606,1,,,1,140,,607,1,,,1,180,,608,1,,,1,180,,609,1,,,1,140,,610,1,,,1,180,,611,1,,,1,180,,612,1,,,1,140,,613,1,,,1,185,,614,1,,,1,185,,615,1,,,1
30101,'01SA',659,,616,1,,,1,185,,617,1,,,1,185,,618,1,,,1,185,,619,1,,,1,145,,620,1,,,1,185,,621,1,,,1,185,,622,1,,,1,185,,623,1,,,1,145,,624,1,,,1,185,,625,1,,,1
30101,'01SU',759,,627,1,,,1,185,,628,1,,,1,185,,629,1,,,1,185,,630,1,,,1,145,,631,1,,,1,185,,632,1,,,1,185,,633,1,,,1,185,,634,1,,,1,145,,635,1,,,1,185,,636,1,,,1
30101,'02MF',529,,637,1,,,1,185,,638,1,,,1,140,,639,1,,,1,180,,640,1,,,1,180,,641,1,,,1,140,,642,1,,,1,180,,643,1,,,1,180,,644,1,,,1,145,,645,1,,,1,185,,646,1,,,1,185,,647,1,,,1
30101,'02SA',529,,648,1,,,1,185,,649,1,,,1,145,,650,1,,,1,185,,651,1,,,1,185,,652,1,,,1,185,,653,1,,,1,145,,654,1,,,1,185,,655,1,,,1,185,,656,1,,,1,185,,657,1,,,1
30101,'02SU',814,,658,1,,,1,145,,659,1,,,1,185,,660,1,,,1,185,,661,1,,,1,185,,662,1,,,1,145,,663,1,,,1,185,,664,1,,,1,185,,665,1,,,1,185,,666,1,,,1
30101,'03MF',544,,667,1,,,1,180,,668,1,,,1,180,,669,1,,,1,140,,670,1,,,1,180,,671,1,,,1,180,,672,1,,,1,140,,673,1,,,1,180,,674,1,,,1
30101,'03SA',544,,675,1,,,1,185,,676,1,,,1,185,,677,1,,,1,145,,678,1,,,1,185,,679,1,,,1,185,,680,1,,,1,185,,681,1,,,1,145,,682,1,,,1,185,,683,1,,,1,185,,684,1,,,1,185,,685,1,,,1
30101,'03SU',644,,686,1,,,1,185,,687,1,,,1,185,,688,1,,,1,145,,689,1,,,1,185,,690,1,,,1,185,,691,1,,,1,185,,692,1,,,1,145,,693,1,,,1,185,,694,1,,,1,185,,695,1,,,1
30101,'04MF',734,,696,1,,,1,180,,697,1,,,1,140,,698,1,,,1,180,,699,1,,,1,180,,700,1,,,1,140,,701,1,,,1,180,,702,1,,,1,180,,703,1,,,1,145,,704,1,,,1,185,,705,1,,,1
30101,'04SA',559,,706,1,,,1,185,,707,1,,,1,185,,708,1,,,1,185,,709,1,,,1,145,,710,1,,,1,185,,711,1,,,1,185,,712,1,,,1,185,,713,1,,,1,145,,714,1,,,1,185,,715,1,,,1
30101,'04SU',844,,716,1,,,1,185,,717,1,,,1,185,,718,1,,,1,145,,719,1,,,1,185,,720,1,,,1,185,,721,1,,,1,185,,722,1,,,1,145,,723,1,,,1,185,,724,1,,,1
30101,'05MF',559,,725,1,,,1,185,,726,1,,,1,180,,727,1,,,1,180,,728,1,,,1,140,,729,1,,,1,180,,730,1,,,1,180,,731,1,,,1,140,,732,1,,,1,185,,733,1,,,1,185,,734,1,,,1
30101,'05SA',614,,735,1,,,1,145,,736,1,,,1,185,,737,1,,,1,185,,738,1,,,1,185,,739,1,,,1,145,,740,1,,,1,185,,741,1,,,1,185,,742,1,,,1,185,,743,1,,,1,145,,744,1,,,1,185,,745,1,,,1
30101,'05SU',714,,746,1,,,1,145,,747,1,,,1,185,,748,1,,,1,185,,749,1,,,1,185,,750,1,,,1,145,,751,1,,,1,185,,752,1,,,1,185,,753,1,,,1,185,,754,1,,,1
30101,'06MF',614,,755,1,,,1,140,,756,1,,,1,180,,757,1,,,1,180,,758,1,,,1,140,,759,1,,,1,180,,760,1,,,1,180,,761,1,,,1,140,,762,1,,,1
30101,'06SA',629,,763,1,,,1,185,,764,1,,,1,145,,765,1,,,1,185,,766,1,,,1,185,,767,1,,,1,185,,768,1,,,1,145,,769,1,,,1,185,,770,1,,,1,185,,771,1,,,1,185,,772,1,,,1
30101,'06SU',914,,773,1,,,1,145,,774,1,,,1,185,,775,1,,,1,185,,776,1,,,1,185,,777,1,,,1,145,,778,1,,,1,185,,779,1,,,1,185,,780,1,,,1,185,,781,1,,,1
30101,'07MF',624,,783,1,,,1,180,,784,1,,,1,140,,785,1,,,1,180,,786,1,,,1,180,,787,1,,,1,140,,788,1,,,1,180,,789,1,,,1,180,,790,1,,,1,140,,791,1,,,1,185,,792,1,,,1,185,,793,1,,,1
30101,'07SA',644,,794,1,,,1,185,,795,1,,,1,185,,796,1,,,1,145,,797,1,,,1,185,,798,1,,,1,185,,799,1,,,1,185,,800,1,,,1,145,,801,1,,,1,185,,802,1,,,1,185,,803,1,,,1
30101,'07SU',744,,804,1,,,1,185,,805,1,,,1,185,,806,1,,,1,145,,807,1,,,1,185,,808,1,,,1,185,,809,1,,,1,185,,810,1,,,1,145,,811,1,,,1,185,,812,1,,,1
30101,'08MF',634,,813,1,,,1,180,,814,1,,,1,140,,815,1,,,1,180,,816,1,,,1,180,,817,1,,,1,140,,818,1,,,1,180,,819,1,,,1,180,,820,1,,,1,145,,821,1,,,1,185,,822,1,,,1
30101,'09MF',644,,823,1,,,1,180,,824,1,,,1,180,,825,1,,,1,140,,826,1,,,1,180,,827,1,,,1,180,,828,1,,,1,140,,829,1,,,1,185,,830,1,,,1,185,,831,1,,,1,145,,832,1,,,1,185,,833,1,,,1
30101,'10MF',514,,834,1,,,1,140,,835,1,,,1,180,,836,1,,,1,180,,837,1,,,1,140,,838,1,,,1,180,,839,1,,,1,180,,840,1,,,1,140,,841,1,,,1
