30101,'01MF',730,,606,12,,,1,180,,607,12,,,1,140,,608,12,,,1,180,,609,12,,,1,180,,610,12,,,1,140,,611,12,,,1,180,,612,12,,,1,180,,613,12,,,1,145,,614,12,,,1,185,,615,12,,,1
30101,'01SA',725,,616,12,,,1,185,,617,12,,,1,145,,618,12,,,1,185,,619,12,,,1,185,,620,12,,,1,185,,621,12,,,1,145,,622,12,,,1,185,,623,12,,,1,185,,624,12,,,1,185,,625,12,,,1
30101,'01SU',638,,626,10,,,1,187,,627,12,,,1,185,,628,12,,,1,145,,629,12,,,1,185,,630,12,,,1,185,,631,12,,,1,185,,632,12,,,1,145,,633,12,,,1,185,,634,12,,,1,185,,635,12,,,1,185,,636,12,,,1
30101,'02MF',555,,637,12,,,1,185,,638,12,,,1,180,,639,12,,,1,180,40,640,12,,,1,140,,641,12,,,1,180,,642,12,,,1,180,40,643,12,,,1,140,,644,12,,,1,185,,645,12,,,1,185,,646,12,,,1,145,,647,12,,,1
30101,'02SA',555,,648,12,,,1,185,,649,12,,,1,185,,650,12,,,1,185,,651,12,,,1,145,,652,12,,,1,185,,653,12,,,1,185,,654,12,,,1,185,,655,12,,,1,145,,656,12,,,1,185,,657,12,,,1
30101,'02SU',840,,658,12,,,1,185,,659,12,,,1,185,,660,12,,,1,145,,661,12,,,1,185,,662,12,,,1,185,,663,12,,,1,185,,664,12,,,1,145,,665,12,,,1,185,,666,12,,,1
30101,'03MF',610,,667,12,,,1,140,,668,12,,,1,180,,669,12,,,1,180,,670,12,,,1,140,,671,12,,,1,180,,672,12,,,1,180,,673,12,,,1,140,,674,12,,,1
30101,'03SA',610,,675,12,,,1,145,,676,12,,,1,185,,677,12,,,1,185,,678,12,,,1,185,,679,12,,,1,145,,680,12,,,1,185,,681,12,,,1,185,,682,12,,,1,185,,683,12,,,1,145,,684,12,,,1,185,,685,12,,,1
30101,'03SU',710,,686,12,,,1,145,,687,12,,,1,185,,688,12,,,1,185,,689,12,,,1,185,,690,12,,,1,145,,691,12,,,1,185,,692,12,,,1,185,,693,12,,,1,185,,694,12,,,1,145,,695,12,,,1
30101,'04MF',800,40,696,12,,,1,140,,697,12,,,1,180,,698,12,,,1,180,40,699,12,,,1,140,,700,12,,,1,180,,701,12,,,1,180,40,702,12,,,1,140,,703,12,,,1,185,,704,12,,,1,185,,705,12,,,1
30101,'04SA',625,,706,12,,,1,185,,707,12,,,1,145,,708,12,,,1,185,,709,12,,,1,185,,710,12,,,1,185,,711,12,,,1,145,,712,12,,,1,185,,713,12,,,1,185,,714,12,,,1,185,,715,12,,,1
30101,'04SU',910,,716,12,,,1,145,,717,12,,,1,185,,718,12,,,1,185,,719,12,,,1,185,,720,12,,,1,145,,721,12,,,1,185,,722,12,,,1,185,,723,12,,,1,185,,724,12,,,1
30101,'05MF',625,,725,12,,,1,185,,726,12,,,1,140,,727,12,,,1,180,,728,12,,,1,180,,729,12,,,1,140,,730,12,,,1,180,,731,12,,,1,180,,732,12,,,1,145,,733,12,,,1,185,,734,12,,,1
30101,'05SA',640,,735,12,,,1,185,,736,12,,,1,185,,737,12,,,1,145,,738,12,,,1,185,,739,12,,,1,185,,740,12,,,1,185,,741,12,,,1,145,,742,12,,,1,185,,743,12,,,1,185,,744,12,,,1,185,,745,12,,,1
30101,'05SU',740,,746,12,,,1,185,,747,12,,,1,185,,748,12,,,1,145,,749,12,,,1,185,,750,12,,,1,185,,751,12,,,1,185,,752,12,,,1,145,,753,12,,,1,185,,754,12,,,1
30101,'06MF',640,,755,12,,,1,180,,756,12,,,1,180,40,757,12,,,1,140,,758,12,,,1,180,,759,12,,,1,180,40,760,12,,,1,140,,761,12,,,1,180,,762,12,,,1
30101,'06SA',655,,763,12,,,1,185,,764,12,,,1,185,,765,12,,,1,185,,766,12,,,1,145,,767,12,,,1,185,,768,12,,,1,185,,769,12,,,1,185,,770,12,,,1,145,,771,12,,,1,185,,772,12,,,1
30101,'06SU',940,,773,12,,,1,185,,774,12,,,1,185,,775,12,,,1,145,,776,12,,,1,185,,777,12,,,1,185,,778,12,,,1,185,,779,12,,,1,145,,780,12,,,1,185,,781,12,,,1
30101,'07MF',507,,782,10,,,1,143,,783,12,,,1,180,,784,12,,,1,180,,785,12,,,1,140,,786,12,,,1,180,,787,12,,,1,180,,788,12,,,1,140,,789,12,,,1,180,,790,12,,,1,180,,791,12,,,1,145,,792,12,,,1,185,,793,12,,,1
30101,'07SA',710,,794,12,,,1,145,,795,12,,,1,185,,796,12,,,1,185,,797,12,,,1,185,,798,12,,,1,145,,799,12,,,1,185,,800,12,,,1,185,,801,12,,,1,185,,802,12,,,1,145,,803,12,,,1
30101,'07SU',810,,804,12,,,1,145,,805,12,,,1,185,,806,12,,,1,185,,807,12,,,1,185,,808,12,,,1,145,,809,12,,,1,185,,810,12,,,1,185,,811,12,,,1,185,,812,12,,,1
30101,'08MF',700,40,813,12,,,1,140,,814,12,,,1,180,,815,12,,,1,180,40,816,12,,,1,140,,817,12,,,1,180,,818,12,,,1,180,40,819,12,,,1,140,,820,12,,,1,185,,821,12,,,1,185,,822,12,,,1
30101,'09MF',710,,823,12,,,1,140,,824,12,,,1,180,,825,12,,,1,180,,826,12,,,1,140,,827,12,,,1,180,,828,12,,,1,180,,829,12,,,1,145,,830,12,,,1,185,,831,12,,,1,185,,832,12,,,1,185,,833,12,,,1
30101,'10MF',540,,834,12,,,1,180,,835,12,,,1,180,40,836,12,,,1,140,,837,12,,,1,180,,838,12,,,1,180,40,839,12,,,1,140,,840,12,,,1,180,,841,12,,,1
