30100,'01MF',817,,842,9,,,0,140,,843,9,,,0,180,,844,9,,,0,180,,845,9,,,0,140,,846,9,,,0,180,,847,9,,,0,180,,848,9,,,0,140,,849,9,,,0,185,,850,9,,,0,190,,851,9,,,0
30100,'01SA',627,,852,9,,,0,185,,853,9,,,0,145,,854,9,,,0,185,,855,9,,,0,185,,856,9,,,0,185,,857,9,,,0,145,,858,9,,,0,185,,859,9,,,0,185,,860,9,,,0,185,,861,9,,,0,145,,862,9,,,0
30100,'01SU',727,,863,9,,,0,185,,864,9,,,0,145,,865,9,,,0,185,,866,9,,,0,185,,867,9,,,0,185,,868,9,,,0,145,,869,9,,,0,185,,870,9,,,0,185,,871,9,,,0,185,,872,9,,,0,145,,873,9,,,0
30100,'02MF',642,,874,9,,,0,185,,875,9,,,0,180,,876,9,,,0,140,,877,9,,,0,180,,878,9,,,0,180,,879,9,,,0,140,,880,9,,,0,180,,881,9,,,0,185,,882,9,,,0,145,,883,9,,,0,190,,884,9,,,0
30100,'02SA',642,,885,9,,,0,185,,886,9,,,0,185,,887,9,,,0,145,,888,9,,,0,185,,889,9,,,0,185,,890,9,,,0,185,,891,9,,,0,145,,892,9,,,0,185,,893,9,,,0,185,,894,9,,,0
30100,'02SU',927,,895,9,,,0,185,,896,9,,,0,145,,897,9,,,0,185,,898,9,,,0,185,,899,9,,,0,185,,900,9,,,0,145,,901,9,,,0,185,,902,9,,,0,185,,903,9,,,0
30100,'03MF',657,,904,9,,,0,180,,905,9,,,0,180,,906,9,,,0,140,,907,9,,,0,180,,908,9,,,0,180,,909,9,,,0,140,,910,9,,,0,180,,911,9,,,0
30100,'03SA',657,,912,9,,,0,185,,913,9,,,0,185,,914,9,,,0,185,,915,9,,,0,145,,916,9,,,0,185,,917,9,,,0,185,,918,9,,,0,185,,919,9,,,0,145,,920,9,,,0,185,,921,9,,,0,185,,922,9,,,0
30100,'03SU',757,,923,9,,,0,185,,924,9,,,0,185,,925,9,,,0,185,,926,9,,,0,145,,927,9,,,0,185,,928,9,,,0,185,,929,9,,,0,185,,930,9,,,0,145,,931,9,,,0,185,,932,9,,,0
30100,'04MF',847,,933,9,,,0,180,,934,9,,,0,180,,935,9,,,0,140,,936,9,,,0,180,,937,9,,,0,180,,938,9,,,0,140,,939,9,,,0,180,,940,9,,,0,185,,941,9,,,0,190,,942,9,,,0
30100,'04SA',712,,943,9,,,0,145,,944,9,,,0,185,,945,9,,,0,185,,946,9,,,0,185,,947,9,,,0,145,,948,9,,,0,185,,949,9,,,0,185,,950,9,,,0,185,,951,9,,,0,145,,952,9,,,0
30100,'04SU',957,,953,9,,,0,185,,954,9,,,0,185,,955,9,,,0,185,,956,9,,,0,145,,957,9,,,0,185,,958,9,,,0,185,,959,9,,,0,185,,960,9,,,0,145,,961,9,,,0
30100,'05MF',712,,962,9,,,0,145,,963,9,,,0,180,,964,9,,,0,180,,965,9,,,0,140,,966,9,,,0,180,,967,9,,,0,180,,968,9,,,0,140,,969,9,,,0,185,,970,9,,,0,185,,971,9,,,0
30100,'05SA',727,,972,9,,,0,185,,973,9,,,0,145,,974,9,,,0,185,,975,9,,,0,185,,976,9,,,0,185,,977,9,,,0,145,,978,9,,,0,185,,979,9,,,0,185,,980,9,,,0,185,,981,9,,,0,145,,982,9,,,0
30100,'05SU',827,,983,9,,,0,185,,984,9,,,0,145,,985,9,,,0,185,,986,9,,,0,185,,987,9,,,0,185,,988,9,,,0,145,,989,9,,,0,185,,990,9,,,0,185,,991,9,,,0
30100,'06MF',727,,992,9,,,0,180,,993,9,,,0,140,,994,9,,,0,180,,995,9,,,0,180,,996,9,,,0,140,,997,9,,,0,180,,998,9,,,0,180,,999,9,,,0
30100,'06SA',742,,1000,9,,,0,185,,1001,9,,,0,185,,1002,9,,,0,145,,1003,9,,,0,185,,1004,9,,,0,185,,1005,9,,,0,185,,1006,9,,,0,145,,1007,9,,,0,185,,1008,9,,,0,185,,1009,9,,,0
30100,'06SU',1027,,1010,9,,,0,185,,1011,9,,,0,145,,1012,9,,,0,185,,1013,9,,,0,185,,1014,9,,,0,185,,1015,9,,,0,145,,1016,9,,,0,185,,1017,9,,,0,185,,1018,9,,,0
30100,'07MF',557,,1019,9,,,0,180,,1020,9,,,0,180,,1021,9,,,0,140,,1022,9,,,0,180,,1023,9,,,0,180,,1024,9,,,0,140,,1025,9,,,0,180,,1026,9,,,0,180,,1027,9,,,0,140,,1028,9,,,0,185,,1029,9,,,0,185,,1030,9,,,0
30100,'07SA',757,,1031,9,,,0,185,,1032,9,,,0,185,,1033,9,,,0,185,,1034,9,,,0,145,,1035,9,,,0,185,,1036,9,,,0,185,,1037,9,,,0,185,,1038,9,,,0,145,,1039,9,,,0,185,,1040,9,,,0
30100,'07SU',857,,1041,9,,,0,185,,1042,9,,,0,185,,1043,9,,,0,185,,1044,9,,,0,145,,1045,9,,,0,185,,1046,9,,,0,185,,1047,9,,,0,185,,1048,9,,,0,145,,1049,9,,,0
30100,'08MF',747,,1050,9,,,0,180,,1051,9,,,0,180,,1052,9,,,0,140,,1053,9,,,0,180,,1054,9,,,0,180,,1055,9,,,0,140,,1056,9,,,0,180,,1057,9,,,0,185,,1058,9,,,0,190,,1059,9,,,0
30100,'09MF',757,,1060,9,,,0,180,,1061,9,,,0,180,,1062,9,,,0,140,,1063,9,,,0,180,,1064,9,,,0,180,,1065,9,,,0,140,,1066,9,,,0,185,,1067,9,,,0,185,,1068,9,,,0,190,,1069,9,,,0,140,,1070,9,,,0
30100,'10MF',627,,1071,9,,,0,180,,1072,9,,,0,140,,1073,9,,,0,180,,1074,9,,,0,180,,1075,9,,,0,140,,1076,9,,,0,180,,1077,9,,,0,180,,1078,9,,,0
