30101,'01MF',707,,606,2,,,0,140,,607,2,,,0,180,,608,2,,,0,180,,609,2,,,0,140,,610,2,,,0,180,,611,2,,,0,180,,612,2,,,0,140,,613,2,,,0,185,,614,2,,,0,185,,615,2,,,0
30101,'01SA',702,,616,2,,,0,145,,617,2,,,0,185,,618,2,,,0,185,,619,2,,,0,185,,620,2,,,0,145,,621,2,,,0,185,,622,2,,,0,185,,623,2,,,0,185,,624,2,,,0,145,,625,2,,,0
30101,'01SU',616,,626,0,,,0,186,,627,2,,,0,145,,628,2,,,0,185,,629,2,,,0,185,,630,2,,,0,185,,631,2,,,0,145,,632,2,,,0,185,,633,2,,,0,185,,634,2,,,0,185,,635,2,,,0,145,,636,2,,,0
30101,'02MF',532,,637,2,,,0,185,,638,2,,,0,140,,639,2,,,0,180,,640,2,,,0,180,,641,2,,,0,140,,642,2,,,0,180,,643,2,,,0,180,,644,2,,,0,185,,645,2,,,0,145,,646,2,,,0,185,,647,2,,,0
30101,'02SA',532,,648,2,,,0,185,,649,2,,,0,185,,650,2,,,0,145,,651,2,,,0,185,,652,2,,,0,185,,653,2,,,0,185,,654,2,,,0,145,,655,2,,,0,185,,656,2,,,0,185,,657,2,,,0
30101,'02SU',817,,658,2,,,0,185,,659,2,,,0,145,,660,2,,,0,185,,661,2,,,0,185,,662,2,,,0,185,,663,2,,,0,145,,664,2,,,0,185,,665,2,,,0,185,,666,2,,,0
30101,'03MF',547,,667,2,,,0,180,,668,2,,,0,180,,669,2,,,0,140,,670,2,,,0,180,,671,2,,,0,180,,672,2,,,0,140,,673,2,,,0,180,,674,2,,,0
30101,'03SA',547,,675,2,,,0,185,,676,2,,,0,185,,677,2,,,0,185,,678,2,,,0,145,,679,2,,,0,185,,680,2,,,0,185,,681,2,,,0,185,,682,2,,,0,145,,683,2,,,0,185,,684,2,,,0,185,,685,2,,,0
30101,'03SU',647,,686,2,,,0,185,,687,2,,,0,185,,688,2,,,0,185,,689,2,,,0,145,,690,2,,,0,185,,691,2,,,0,185,,692,2,,,0,185,,693,2,,,0,145,,694,2,,,0,185,,695,2,,,0
30101,'04MF',737,,696,2,,,0,180,,697,2,,,0,140,,698,2,,,0,180,,699,2,,,0,180,,700,2,,,0,140,,701,2,,,0,180,,702,2,,,0,180,,703,2,,,0,185,,704,2,,,0,145,,705,2,,,0
30101,'04SA',602,,706,2,,,0,145,,707,2,,,0,185,,708,2,,,0,185,,709,2,,,0,185,,710,2,,,0,145,,711,2,,,0,185,,712,2,,,0,185,,713,2,,,0,185,,714,2,,,0,145,,715,2,,,0
30101,'04SU',847,,716,2,,,0,185,,717,2,,,0,185,,718,2,,,0,185,,719,2,,,0,145,,720,2,,,0,185,,721,2,,,0,185,,722,2,,,0,185,,723,2,,,0,145,,724,2,,,0
30101,'05MF',602,,725,2,,,0,145,,726,2,,,0,180,,727,2,,,0,180,,728,2,,,0,140,,729,2,,,0,180,,730,2,,,0,180,,731,2,,,0,140,,732,2,,,0,185,,733,2,,,0,185,,734,2,,,0
30101,'05SA',617,,735,2,,,0,185,,736,2,,,0,145,,737,2,,,0,185,,738,2,,,0,185,,739,2,,,0,185,,740,2,,,0,145,,741,2,,,0,185,,742,2,,,0,185,,743,2,,,0,185,,744,2,,,0,145,,745,2,,,0
30101,'05SU',717,,746,2,,,0,185,,747,2,,,0,145,,748,2,,,0,185,,749,2,,,0,185,,750,2,,,0,185,,751,2,,,0,145,,752,2,,,0,185,,753,2,,,0,185,,754,2,,,0
30101,'06MF',617,,755,2,,,0,140,,756,2,,,0,180,,757,2,,,0,180,,758,2,,,0,140,,759,2,,,0,180,,760,2,,,0,180,,761,2,,,0,140,,762,2,,,0
30101,'06SA',632,,763,2,,,0,185,,764,2,,,0,185,,765,2,,,0,145,,766,2,,,0,185,,767,2,,,0,185,,768,2,,,0,185,,769,2,,,0,145,,770,2,,,0,185,,771,2,,,0,185,,772,2,,,0
30101,'06SU',917,,773,2,,,0,185,,774,2,,,0,145,,775,2,,,0,185,,776,2,,,0,185,,777,2,,,0,185,,778,2,,,0,145,,779,2,,,0,185,,780,2,,,0,185,,781,2,,,0
30101,'07MF',445,,782,0,,,0,182,,783,2,,,0,180,,784,2,,,0,140,,785,2,,,0,180,,786,2,,,0,180,,787,2,,,0,140,,788,2,,,0,180,,789,2,,,0,180,,790,2,,,0,140,,791,2,,,0,185,,792,2,,,0,185,,793,2,,,0
30101,'07SA',647,,794,2,,,0,185,,795,2,,,0,185,,796,2,,,0,185,,797,2,,,0,145,,798,2,,,0,185,,799,2,,,0,185,,800,2,,,0,185,,801,2,,,0,145,,802,2,,,0,185,,803,2,,,0
30101,'07SU',747,,804,2,,,0,185,,805,2,,,0,185,,806,2,,,0,185,,807,2,,,0,145,,808,2,,,0,185,,809,2,,,0,185,,810,2,,,0,185,,811,2,,,0,145,,812,2,,,0
30101,'08MF',637,,813,2,,,0,180,,814,2,,,0,140,,815,2,,,0,180,,816,2,,,0,180,,817,2,,,0,140,,818,2,,,0,180,,819,2,,,0,180,,820,2,,,0,185,,821,2,,,0,145,,822,2,,,0
30101,'09MF',647,,823,2,,,0,180,,824,2,,,0,180,,825,2,,,0,140,,826,2,,,0,180,,827,2,,,0,180,,828,2,,,0,140,,829,2,,,0,185,,830,2,,,0,185,,831,2,,,0,185,,832,2,,,0,145,,833,2,,,0
30101,'10MF',517,,834,2,,,0,140,,835,2,,,0,180,,836,2,,,0,180,,837,2,,,0,140,,838,2,,,0,180,,839,2,,,0,180,,840,2,,,0,140,,841,2,,,0
