30100,'01MF',813,,842,7,,,0,140,,843,7,,,0,180,,844,7,,,0,180,,845,7,,,0,140,,846,7,,,0,180,,847,7,,,0,180,,848,7,,,0,140,,849,7,,,0,185,,850,7,,,0,190,,851,7,,,0
30100,'01SA',623,,852,7,,,0,185,,853,7,,,0,145,,854,7,,,0,185,,855,7,,,0,185,,856,7,,,0,185,,857,7,,,0,145,,858,7,,,0,185,,859,7,,,0,185,,860,7,,,0,185,,861,7,,,0,145,,862,7,,,0
30100,'01SU',723,,863,7,,,0,185,,864,7,,,0,145,,865,7,,,0,185,,866,7,,,0,185,,867,7,,,0,185,,868,7,,,0,145,,869,7,,,0,185,,870,7,,,0,185,,871,7,,,0,185,,872,7,,,0,145,,873,7,,,0
30100,'02MF',638,,874,7,,,0,185,,875,7,,,0,180,,876,7,,,0,140,,877,7,,,0,180,,878,7,,,0,180,,879,7,,,0,140,,880,7,,,0,180,,881,7,,,0,185,,882,7,,,0,145,,883,7,,,0,190,,884,7,,,0
30100,'02SA',638,,885,7,,,0,185,,886,7,,,0,185,,887,7,,,0,145,,888,7,,,0,185,,889,7,,,0,185,,890,7,,,0,185,,891,7,,,0,145,,892,7,,,0,185,,893,7,,,0,185,,894,7,,,0
30100,'02SU',923,,895,7,,,0,185,,896,7,,,0,145,,897,7,,,0,185,,898,7,,,0,185,,899,7,,,0,185,,900,7,,,0,145,,901,7,,,0,185,,902,7,,,0,185,,903,7,,,0
30100,'03MF',653,,904,7,,,0,180,,905,7,,,0,180,,906,7,,,0,140,,907,7,,,0,180,,908,7,,,0,180,,909,7,,,0,140,,910,7,,,0,180,,911,7,,,0
30100,'03SA',653,,912,7,,,0,185,,913,7,,,0,185,,914,7,,,0,185,,915,7,,,0,145,,916,7,,,0,185,,917,7,,,0,185,,918,7,,,0,185,,919,7,,,0,145,,920,7,,,0,185,,921,7,,,0,185,,922,7,,,0
30100,'03SU',753,,923,7,,,0,185,,924,7,,,0,185,,925,7,,,0,185,,926,7,,,0,145,,927,7,,,0,185,,928,7,,,0,185,,929,7,,,0,185,,930,7,,,0,145,,931,7,,,0,185,,932,7,,,0
30100,'04MF',843,,933,7,,,0,180,,934,7,,,0,180,,935,7,,,0,140,,936,7,,,0,180,,937,7,,,0,180,,938,7,,,0,140,,939,7,,,0,180,,940,7,,,0,185,,941,7,,,0,150,,942,7,,,0
30100,'04SA',708,,943,7,,,0,145,,944,7,,,0,185,,945,7,,,0,185,,946,7,,,0,185,,947,7,,,0,145,,948,7,,,0,185,,949,7,,,0,185,,950,7,,,0,185,,951,7,,,0,145,,952,7,,,0
30100,'04SU',953,,953,7,,,0,185,,954,7,,,0,185,,955,7,,,0,185,,956,7,,,0,145,,957,7,,,0,185,,958,7,,,0,185,,959,7,,,0,185,,960,7,,,0,145,,961,7,,,0
30100,'05MF',708,,962,7,,,0,145,,963,7,,,0,180,,964,7,,,0,180,,965,7,,,0,140,,966,7,,,0,180,,967,7,,,0,180,,968,7,,,0,140,,969,7,,,0,185,,970,7,,,0,185,,971,7,,,0
30100,'05SA',723,,972,7,,,0,185,,973,7,,,0,145,,974,7,,,0,185,,975,7,,,0,185,,976,7,,,0,185,,977,7,,,0,145,,978,7,,,0,185,,979,7,,,0,185,,980,7,,,0,185,,981,7,,,0,145,,982,7,,,0
30100,'05SU',823,,983,7,,,0,185,,984,7,,,0,145,,985,7,,,0,185,,986,7,,,0,185,,987,7,,,0,185,,988,7,,,0,145,,989,7,,,0,185,,990,7,,,0,185,,991,7,,,0
30100,'06MF',723,,992,7,,,0,180,,993,7,,,0,140,,994,7,,,0,180,,995,7,,,0,180,,996,7,,,0,140,,997,7,,,0,180,,998,7,,,0,180,,999,7,,,0
30100,'06SA',738,,1000,7,,,0,185,,1001,7,,,0,185,,1002,7,,,0,145,,1003,7,,,0,185,,1004,7,,,0,185,,1005,7,,,0,185,,1006,7,,,0,145,,1007,7,,,0,185,,1008,7,,,0,185,,1009,7,,,0
30100,'06SU',1023,,1010,7,,,0,185,,1011,7,,,0,145,,1012,7,,,0,185,,1013,7,,,0,185,,1014,7,,,0,185,,1015,7,,,0,145,,1016,7,,,0,185,,1017,7,,,0,185,,1018,7,,,0
30100,'07MF',553,,1019,7,,,0,180,,1020,7,,,0,180,,1021,7,,,0,140,,1022,7,,,0,180,,1023,7,,,0,180,,1024,7,,,0,140,,1025,7,,,0,180,,1026,7,,,0,180,,1027,7,,,0,140,,1028,7,,,0,185,,1029,7,,,0,185,,1030,7,,,0
30100,'07SA',753,,1031,7,,,0,185,,1032,7,,,0,185,,1033,7,,,0,185,,1034,7,,,0,145,,1035,7,,,0,185,,1036,7,,,0,185,,1037,7,,,0,185,,1038,7,,,0,145,,1039,7,,,0,185,,1040,7,,,0
30100,'07SU',853,,1041,7,,,0,185,,1042,7,,,0,185,,1043,7,,,0,185,,1044,7,,,0,145,,1045,7,,,0,185,,1046,7,,,0,185,,1047,7,,,0,185,,1048,7,,,0,145,,1049,7,,,0
30100,'08MF',743,,1050,7,,,0,180,,1051,7,,,0,180,,1052,7,,,0,140,,1053,7,,,0,180,,1054,7,,,0,180,,1055,7,,,0,140,,1056,7,,,0,180,,1057,7,,,0,185,,1058,7,,,0,150,,1059,7,,,0
30100,'09MF',753,,1060,7,,,0,180,,1061,7,,,0,180,,1062,7,,,0,140,,1063,7,,,0,180,,1064,7,,,0,180,,1065,7,,,0,140,,1066,7,,,0,185,,1067,7,,,0,185,,1068,7,,,0,190,,1069,7,,,0,140,,1070,7,,,0
30100,'10MF',623,,1071,7,,,0,180,,1072,7,,,0,140,,1073,7,,,0,180,,1074,7,,,0,180,,1075,7,,,0,140,,1076,7,,,0,180,,1077,7,,,0,180,,1078,7,,,0
