30101,'01MF',700,,606,0,,,1,140,,607,0,,,1,180,,608,0,,,1,180,,609,0,,,1,140,,610,0,,,1,180,,611,0,,,1,180,,612,0,,,1,140,,613,0,,,1,185,,614,0,,,1,185,,615,0,,,1
30101,'01SA',655,,616,0,,,1,185,,617,0,,,1,185,,618,0,,,1,185,,619,0,,,1,145,,620,0,,,1,185,,621,0,,,1,185,,622,0,,,1,185,,623,0,,,1,145,,624,0,,,1,185,,625,0,,,1
30101,'01SU',755,,627,0,,,1,185,,628,0,,,1,185,,629,0,,,1,185,,630,0,,,1,145,,631,0,,,1,185,,632,0,,,1,185,,633,0,,,1,185,,634,0,,,1,145,,635,0,,,1,185,,636,0,,,1
30101,'02MF',525,,637,0,,,1,185,,638,0,,,1,140,,639,0,,,1,180,,640,0,,,1,180,,641,0,,,1,140,,642,0,,,1,180,,643,0,,,1,180,,644,0,,,1,145,,645,0,,,1,185,,646,0,,,1,185,,647,0,,,1
30101,'02SA',525,,648,0,,,1,185,,649,0,,,1,145,,650,0,,,1,185,,651,0,,,1,185,,652,0,,,1,185,,653,0,,,1,145,,654,0,,,1,185,,655,0,,,1,185,,656,0,,,1,185,,657,0,,,1
30101,'02SU',810,,658,0,,,1,145,,659,0,,,1,185,,660,0,,,1,185,,661,0,,,1,185,,662,0,,,1,145,,663,0,,,1,185,,664,0,,,1,185,,665,0,,,1,185,,666,0,,,1
30101,'03MF',540,,667,0,,,1,180,,668,0,,,1,180,,669,0,,,1,140,,670,0,,,1,180,,671,0,,,1,180,,672,0,,,1,140,,673,0,,,1,180,,674,0,,,1
30101,'03SA',540,,675,0,,,1,185,,676,0,,,1,185,,677,0,,,1,145,,678,0,,,1,185,,679,0,,,1,185,,680,0,,,1,185,,681,0,,,1,145,,682,0,,,1,185,,683,0,,,1,185,,684,0,,,1,185,,685,0,,,1
30101,'03SU',640,,686,0,,,1,185,,687,0,,,1,185,,688,0,,,1,145,,689,0,,,1,185,,690,0,,,1,185,,691,0,,,1,185,,692,0,,,1,145,,693,0,,,1,185,,694,0,,,1,185,,695,0,,,1
30101,'04MF',730,,696,0,,,1,180,,697,0,,,1,140,,698,0,,,1,180,,699,0,,,1,180,,700,0,,,1,140,,701,0,,,1,180,,702,0,,,1,180,,703,0,,,1,145,,704,0,,,1,185,,705,0,,,1
30101,'04SA',555,,706,0,,,1,185,,707,0,,,1,185,,708,0,,,1,185,,709,0,,,1,145,,710,0,,,1,185,,711,0,,,1,185,,712,0,,,1,185,,713,0,,,1,145,,714,0,,,1,185,,715,0,,,1
30101,'04SU',840,,716,0,,,1,185,,717,0,,,1,185,,718,0,,,1,145,,719,0,,,1,185,,720,0,,,1,185,,721,0,,,1,185,,722,0,,,1,145,,723,0,,,1,185,,724,0,,,1
30101,'05MF',555,,725,0,,,1,185,,726,0,,,1,180,,727,0,,,1,180,,728,0,,,1,140,,729,0,,,1,180,,730,0,,,1,180,,731,0,,,1,140,,732,0,,,1,185,,733,0,,,1,185,,734,0,,,1
30101,'05SA',610,,735,0,,,1,145,,736,0,,,1,185,,737,0,,,1,185,,738,0,,,1,185,,739,0,,,1,145,,740,0,,,1,185,,741,0,,,1,185,,742,0,,,1,185,,743,0,,,1,145,,744,0,,,1,185,,745,0,,,1
30101,'05SU',710,,746,0,,,1,145,,747,0,,,1,185,,748,0,,,1,185,,749,0,,,1,185,,750,0,,,1,145,,751,0,,,1,185,,752,0,,,1,185,,753,0,,,1,185,,754,0,,,1
30101,'06MF',610,,755,0,,,1,140,,756,0,,,1,180,,757,0,,,1,180,,758,0,,,1,140,,759,0,,,1,180,,760,0,,,1,180,,761,0,,,1,140,,762,0,,,1
30101,'06SA',625,,763,0,,,1,185,,764,0,,,1,145,,765,0,,,1,185,,766,0,,,1,185,,767,0,,,1,185,,768,0,,,1,145,,769,0,,,1,185,,770,0,,,1,185,,771,0,,,1,185,,772,0,,,1
30101,'06SU',910,,773,0,,,1,145,,774,0,,,1,185,,775,0,,,1,185,,776,0,,,1,185,,777,0,,,1,145,,778,0,,,1,185,,779,0,,,1,185,,780,0,,,1,185,,781,0,,,1
30101,'07MF',620,,783,0,,,1,180,,784,0,,,1,140,,785,0,,,1,180,,786,0,,,1,180,,787,0,,,1,140,,788,0,,,1,180,,789,0,,,1,180,,790,0,,,1,140,,791,0,,,1,185,,792,0,,,1,185,,793,0,,,1
30101,'07SA',640,,794,0,,,1,185,,795,0,,,1,185,,796,0,,,1,145,,797,0,,,1,185,,798,0,,,1,185,,799,0,,,1,185,,800,0,,,1,145,,801,0,,,1,185,,802,0,,,1,185,,803,0,,,1
30101,'07SU',740,,804,0,,,1,185,,805,0,,,1,185,,806,0,,,1,145,,807,0,,,1,185,,808,0,,,1,185,,809,0,,,1,185,,810,0,,,1,145,,811,0,,,1,185,,812,0,,,1
30101,'08MF',630,,813,0,,,1,180,,814,0,,,1,140,,815,0,,,1,180,,816,0,,,1,180,,817,0,,,1,140,,818,0,,,1,180,,819,0,,,1,180,,820,0,,,1,145,,821,0,,,1,185,,822,0,,,1
30101,'09MF',640,,823,0,,,1,180,,824,0,,,1,180,,825,0,,,1,140,,826,0,,,1,180,,827,0,,,1,180,,828,0,,,1,140,,829,0,,,1,185,,830,0,,,1,185,,831,0,,,1,145,,832,0,,,1,185,,833,0,,,1
30101,'10MF',510,,834,0,,,1,140,,835,0,,,1,180,,836,0,,,1,180,,837,0,,,1,140,,838,0,,,1,180,,839,0,,,1,180,,840,0,,,1,140,,841,0,,,1
