30101,'01MF',722,,606,8,,,1,180,,607,8,,,1,140,,608,8,,,1,180,,609,8,,,1,180,,610,8,,,1,140,,611,8,,,1,180,,612,8,,,1,180,,613,8,,,1,145,,614,8,,,1,185,,615,8,,,1
30101,'01SA',717,,616,8,,,1,185,,617,8,,,1,145,,618,8,,,1,185,,619,8,,,1,185,,620,8,,,1,185,,621,8,,,1,145,,622,8,,,1,185,,623,8,,,1,185,,624,8,,,1,185,,625,8,,,1
30101,'01SU',630,,626,6,,,1,187,,627,8,,,1,185,,628,8,,,1,145,,629,8,,,1,185,,630,8,,,1,185,,631,8,,,1,185,,632,8,,,1,145,,633,8,,,1,185,,634,8,,,1,185,,635,8,,,1,185,,636,8,,,1
30101,'02MF',547,,637,8,,,1,185,,638,8,,,1,180,,639,8,,,1,140,,640,8,,,1,180,,641,8,,,1,180,,642,8,,,1,140,,643,8,,,1,180,,644,8,,,1,185,,645,8,,,1,185,,646,8,,,1,145,,647,8,,,1
30101,'02SA',547,,648,8,,,1,185,,649,8,,,1,185,,650,8,,,1,185,,651,8,,,1,145,,652,8,,,1,185,,653,8,,,1,185,,654,8,,,1,185,,655,8,,,1,145,,656,8,,,1,185,,657,8,,,1
30101,'02SU',832,,658,8,,,1,185,,659,8,,,1,185,,660,8,,,1,145,,661,8,,,1,185,,662,8,,,1,185,,663,8,,,1,185,,664,8,,,1,145,,665,8,,,1,185,,666,8,,,1
30101,'03MF',602,,667,8,,,1,140,,668,8,,,1,180,,669,8,,,1,180,,670,8,,,1,140,,671,8,,,1,180,,672,8,,,1,180,,673,8,,,1,140,,674,8,,,1
30101,'03SA',602,,675,8,,,1,145,,676,8,,,1,185,,677,8,,,1,185,,678,8,,,1,185,,679,8,,,1,145,,680,8,,,1,185,,681,8,,,1,185,,682,8,,,1,185,,683,8,,,1,145,,684,8,,,1,185,,685,8,,,1
30101,'03SU',702,,686,8,,,1,145,,687,8,,,1,185,,688,8,,,1,185,,689,8,,,1,185,,690,8,,,1,145,,691,8,,,1,185,,692,8,,,1,185,,693,8,,,1,185,,694,8,,,1,145,,695,8,,,1
30101,'04MF',752,,696,8,,,1,180,,697,8,,,1,180,,698,8,,,1,140,,699,8,,,1,180,,700,8,,,1,180,,701,8,,,1,140,,702,8,,,1,180,,703,8,,,1,185,,704,8,,,1,185,,705,8,,,1
30101,'04SA',617,,706,8,,,1,185,,707,8,,,1,145,,708,8,,,1,185,,709,8,,,1,185,,710,8,,,1,185,,711,8,,,1,145,,712,8,,,1,185,,713,8,,,1,185,,714,8,,,1,185,,715,8,,,1
30101,'04SU',902,,716,8,,,1,145,,717,8,,,1,185,,718,8,,,1,185,,719,8,,,1,185,,720,8,,,1,145,,721,8,,,1,185,,722,8,,,1,185,,723,8,,,1,185,,724,8,,,1
30101,'05MF',617,,725,8,,,1,185,,726,8,,,1,140,,727,8,,,1,180,,728,8,,,1,180,,729,8,,,1,140,,730,8,,,1,180,,731,8,,,1,180,,732,8,,,1,145,,733,8,,,1,185,,734,8,,,1
30101,'05SA',632,,735,8,,,1,185,,736,8,,,1,185,,737,8,,,1,145,,738,8,,,1,185,,739,8,,,1,185,,740,8,,,1,185,,741,8,,,1,145,,742,8,,,1,185,,743,8,,,1,185,,744,8,,,1,185,,745,8,,,1
30101,'05SU',732,,746,8,,,1,185,,747,8,,,1,185,,748,8,,,1,145,,749,8,,,1,185,,750,8,,,1,185,,751,8,,,1,185,,752,8,,,1,145,,753,8,,,1,185,,754,8,,,1
30101,'06MF',632,,755,8,,,1,180,,756,8,,,1,140,,757,8,,,1,180,,758,8,,,1,180,,759,8,,,1,140,,760,8,,,1,180,,761,8,,,1,180,,762,8,,,1
30101,'06SA',647,,763,8,,,1,185,,764,8,,,1,185,,765,8,,,1,185,,766,8,,,1,145,,767,8,,,1,185,,768,8,,,1,185,,769,8,,,1,185,,770,8,,,1,145,,771,8,,,1,185,,772,8,,,1
30101,'06SU',932,,773,8,,,1,185,,774,8,,,1,185,,775,8,,,1,145,,776,8,,,1,185,,777,8,,,1,185,,778,8,,,1,185,,779,8,,,1,145,,780,8,,,1,185,,781,8,,,1
30101,'07MF',459,,782,6,,,1,183,,783,8,,,1,180,,784,8,,,1,180,,785,8,,,1,140,,786,8,,,1,180,,787,8,,,1,180,,788,8,,,1,140,,789,8,,,1,180,,790,8,,,1,180,,791,8,,,1,145,,792,8,,,1,185,,793,8,,,1
30101,'07SA',702,,794,8,,,1,145,,795,8,,,1,185,,796,8,,,1,185,,797,8,,,1,185,,798,8,,,1,145,,799,8,,,1,185,,800,8,,,1,185,,801,8,,,1,185,,802,8,,,1,145,,803,8,,,1
30101,'07SU',802,,804,8,,,1,145,,805,8,,,1,185,,806,8,,,1,185,,807,8,,,1,185,,808,8,,,1,145,,809,8,,,1,185,,810,8,,,1,185,,811,8,,,1,185,,812,8,,,1
30101,'08MF',652,,813,8,,,1,180,,814,8,,,1,180,,815,8,,,1,140,,816,8,,,1,180,,817,8,,,1,180,,818,8,,,1,140,,819,8,,,1,180,,820,8,,,1,185,,821,8,,,1,185,,822,8,,,1
30101,'09MF',702,,823,8,,,1,140,,824,8,,,1,180,,825,8,,,1,180,,826,8,,,1,140,,827,8,,,1,180,,828,8,,,1,180,,829,8,,,1,145,,830,8,,,1,185,,831,8,,,1,185,,832,8,,,1,185,,833,8,,,1
30101,'10MF',532,,834,8,,,1,180,,835,8,,,1,140,,836,8,,,1,180,,837,8,,,1,180,,838,8,,,1,140,,839,8,,,1,180,,840,8,,,1,180,,841,8,,,1
