30101,'01MF',743,,606,15,4,,1,180,,607,15,4,,1,180,,608,15,4,,1,140,,609,15,4,,1,180,,610,15,4,,1,180,,611,15,4,,1,140,,612,15,4,,1,180,,613,15,4,,1,185,,614,15,4,,1,145,,615,15,4,,1
30101,'01SA',738,,616,15,4,,1,185,,617,15,4,,1,185,,618,15,4,,1,145,,619,15,4,,1,185,,620,15,4,,1,185,,621,15,4,,1,185,,622,15,4,,1,145,,623,15,4,,1,185,,624,15,4,,1,185,,625,15,4,,1
30101,'01SU',651,,626,13,4,,1,187,,627,15,4,,1,185,,628,15,4,,1,185,,629,15,4,,1,145,,630,15,4,,1,185,,631,15,4,,1,185,,632,15,4,,1,185,,633,15,4,,1,145,,634,15,4,,1,185,,635,15,4,,1,185,,636,15,4,,1
30101,'02MF',608,,637,15,4,,1,145,,638,15,4,,1,180,,639,15,4,,1,180,,640,15,4,,1,140,,641,15,4,,1,180,,642,15,4,,1,180,,643,15,4,,1,140,,644,15,4,,1,185,,645,15,4,,1,185,,646,15,4,,1,185,,647,15,4,,1
30101,'02SA',608,,648,15,4,,1,145,,649,15,4,,1,185,,650,15,4,,1,185,,651,15,4,,1,185,,652,15,4,,1,145,,653,15,4,,1,185,,654,15,4,,1,185,,655,15,4,,1,185,,656,15,4,,1,145,,657,15,4,,1
30101,'02SU',853,,658,15,4,,1,185,,659,15,4,,1,185,,660,15,4,,1,185,,661,15,4,,1,145,,662,15,4,,1,185,,663,15,4,,1,185,,664,15,4,,1,185,,665,15,4,,1,145,,666,15,4,,1
30101,'03MF',623,,667,15,4,,1,180,,668,15,4,,1,140,,669,15,4,,1,180,,670,15,4,,1,180,,671,15,4,,1,140,,672,15,4,,1,180,,673,15,4,,1,180,,674,15,4,,1
30101,'03SA',623,,675,15,4,,1,185,,676,15,4,,1,145,,677,15,4,,1,185,,678,15,4,,1,185,,679,15,4,,1,185,,680,15,4,,1,145,,681,15,4,,1,185,,682,15,4,,1,185,,683,15,4,,1,185,,684,15,4,,1,145,,685,15,4,,1
30101,'03SU',723,,686,15,4,,1,185,,687,15,4,,1,145,,688,15,4,,1,185,,689,15,4,,1,185,,690,15,4,,1,185,,691,15,4,,1,145,,692,15,4,,1,185,,693,15,4,,1,185,,694,15,4,,1,185,,695,15,4,,1
30101,'04MF',813,,696,15,4,,1,140,,697,15,4,,1,180,,698,15,4,,1,180,,699,15,4,,1,140,,700,15,4,,1,180,,701,15,4,,1,180,,702,15,4,,1,140,,703,15,4,,1,185,,704,15,4,,1,185,,705,15,4,,1
30101,'04SA',638,,706,15,4,,1,185,,707,15,4,,1,185,,708,15,4,,1,145,,709,15,4,,1,185,,710,15,4,,1,185,,711,15,4,,1,185,,712,15,4,,1,145,,713,15,4,,1,185,,714,15,4,,1,185,,715,15,4,,1
30101,'04SU',923,,716,15,4,,1,185,,717,15,4,,1,145,,718,15,4,,1,185,,719,15,4,,1,185,,720,15,4,,1,185,,721,15,4,,1,145,,722,15,4,,1,185,,723,15,4,,1,185,,724,15,4,,1
30101,'05MF',638,,725,15,4,,1,185,,726,15,4,,1,180,,727,15,4,,1,140,,728,15,4,,1,180,,729,15,4,,1,180,,730,15,4,,1,140,,731,15,4,,1,180,,732,15,4,,1,185,,733,15,4,,1,145,,734,15,4,,1
30101,'05SA',653,,735,15,4,,1,185,,736,15,4,,1,185,,737,15,4,,1,185,,738,15,4,,1,145,,739,15,4,,1,185,,740,15,4,,1,185,,741,15,4,,1,185,,742,15,4,,1,145,,743,15,4,,1,185,,744,15,4,,1,185,,745,15,4,,1
30101,'05SU',753,,746,15,4,,1,185,,747,15,4,,1,185,,748,15,4,,1,185,,749,15,4,,1,145,,750,15,4,,1,185,,751,15,4,,1,185,,752,15,4,,1,185,,753,15,4,,1,145,,754,15,4,,1
30101,'06MF',653,,755,15,4,,1,180,,756,15,4,,1,180,,757,15,4,,1,140,,758,15,4,,1,180,,759,15,4,,1,180,,760,15,4,,1,140,,761,15,4,,1,180,,762,15,4,,1
30101,'06SA',708,,763,15,4,,1,145,,764,15,4,,1,185,,765,15,4,,1,185,,766,15,4,,1,185,,767,15,4,,1,145,,768,15,4,,1,185,,769,15,4,,1,185,,770,15,4,,1,185,,771,15,4,,1,145,,772,15,4,,1
30101,'06SU',953,,773,15,4,,1,185,,774,15,4,,1,185,,775,15,4,,1,185,,776,15,4,,1,145,,777,15,4,,1,185,,778,15,4,,1,185,,779,15,4,,1,185,,780,15,4,,1,145,,781,15,4,,1
30101,'07MF',520,,782,13,4,,1,183,,783,15,4,,1,140,,784,15,4,,1,180,,785,15,4,,1,180,,786,15,4,,1,140,,787,15,4,,1,180,,788,15,4,,1,180,,789,15,4,,1,140,,790,15,4,,1,180,,791,15,4,,1,185,,792,15,4,,1,145,,793,15,4,,1
30101,'07SA',723,,794,15,4,,1,185,,795,15,4,,1,145,,796,15,4,,1,185,,797,15,4,,1,185,,798,15,4,,1,185,,799,15,4,,1,145,,800,15,4,,1,185,,801,15,4,,1,185,,802,15,4,,1,185,,803,15,4,,1
30101,'07SU',823,,804,15,4,,1,185,,805,15,4,,1,145,,806,15,4,,1,185,,807,15,4,,1,185,,808,15,4,,1,185,,809,15,4,,1,145,,810,15,4,,1,185,,811,15,4,,1,185,,812,15,4,,1
30101,'08MF',713,,813,15,4,,1,140,,814,15,4,,1,180,,815,15,4,,1,180,,816,15,4,,1,140,,817,15,4,,1,180,,818,15,4,,1,180,,819,15,4,,1,140,,820,15,4,,1,185,,821,15,4,,1,185,,822,15,4,,1
30101,'09MF',723,,823,15,4,,1,180,,824,15,4,,1,140,,825,15,4,,1,180,,826,15,4,,1,180,,827,15,4,,1,140,,828,15,4,,1,180,,829,15,4,,1,185,,830,15,4,,1,145,,831,15,4,,1,185,,832,15,4,,1,185,,833,15,4,,1
30101,'10MF',553,,834,15,4,,1,180,,835,15,4,,1,180,,836,15,4,,1,140,,837,15,4,,1,180,,838,15,4,,1,180,,839,15,4,,1,140,,840,15,4,,1,180,,841,15,4,,1
