30100,'01MF',805,,842,4,,,0,140,,843,4,,,0,180,,844,4,,,0,180,,845,4,,,0,140,,846,4,,,0,180,,847,4,,,0,180,,848,4,,,0,140,,849,4,,,0,185,,850,4,,,0,190,,851,4,,,0
30100,'01SA',615,,852,4,,,0,185,,853,4,,,0,145,,854,4,,,0,185,,855,4,,,0,185,,856,4,,,0,185,,857,4,,,0,145,,858,4,,,0,185,,859,4,,,0,185,,860,4,,,0,185,,861,4,,,0,145,,862,4,,,0
30100,'01SU',715,,863,4,,,0,185,,864,4,,,0,145,,865,4,,,0,185,,866,4,,,0,185,,867,4,,,0,185,,868,4,,,0,145,,869,4,,,0,185,,870,4,,,0,185,,871,4,,,0,185,,872,4,,,0,145,,873,4,,,0
30100,'02MF',630,,874,4,,,0,185,,875,4,,,0,140,,876,4,,,0,180,,877,4,,,0,180,,878,4,,,0,140,,879,4,,,0,180,,880,4,,,0,180,,881,4,,,0,185,,882,4,,,0,145,,883,4,,,0,190,,884,4,,,0
30100,'02SA',630,,885,4,,,0,185,,886,4,,,0,185,,887,4,,,0,145,,888,4,,,0,185,,889,4,,,0,185,,890,4,,,0,185,,891,4,,,0,145,,892,4,,,0,185,,893,4,,,0,185,,894,4,,,0
30100,'02SU',915,,895,4,,,0,185,,896,4,,,0,145,,897,4,,,0,185,,898,4,,,0,185,,899,4,,,0,185,,900,4,,,0,145,,901,4,,,0,185,,902,4,,,0,185,,903,4,,,0
30100,'03MF',645,,904,4,,,0,180,,905,4,,,0,180,,906,4,,,0,140,,907,4,,,0,180,,908,4,,,0,180,,909,4,,,0,140,,910,4,,,0,180,,911,4,,,0
30100,'03SA',645,,912,4,,,0,185,,913,4,,,0,185,,914,4,,,0,185,,915,4,,,0,145,,916,4,,,0,185,,917,4,,,0,185,,918,4,,,0,185,,919,4,,,0,145,,920,4,,,0,185,,921,4,,,0,185,,922,4,,,0
30100,'03SU',745,,923,4,,,0,185,,924,4,,,0,185,,925,4,,,0,185,,926,4,,,0,145,,927,4,,,0,185,,928,4,,,0,185,,929,4,,,0,185,,930,4,,,0,145,,931,4,,,0,185,,932,4,,,0
30100,'04MF',835,,933,4,,,0,180,,934,4,,,0,140,,935,4,,,0,180,,936,4,,,0,180,,937,4,,,0,140,,938,4,,,0,180,,939,4,,,0,180,,940,4,,,0,185,,941,4,,,0,150,,942,4,,,0
30100,'04SA',700,,943,4,,,0,145,,944,4,,,0,185,,945,4,,,0,185,,946,4,,,0,185,,947,4,,,0,145,,948,4,,,0,185,,949,4,,,0,185,,950,4,,,0,185,,951,4,,,0,145,,952,4,,,0
30100,'04SU',945,,953,4,,,0,185,,954,4,,,0,185,,955,4,,,0,185,,956,4,,,0,145,,957,4,,,0,185,,958,4,,,0,185,,959,4,,,0,185,,960,4,,,0,145,,961,4,,,0
30100,'05MF',700,,962,4,,,0,145,,963,4,,,0,180,,964,4,,,0,180,,965,4,,,0,140,,966,4,,,0,180,,967,4,,,0,180,,968,4,,,0,140,,969,4,,,0,185,,970,4,,,0,185,,971,4,,,0
30100,'05SA',715,,972,4,,,0,185,,973,4,,,0,145,,974,4,,,0,185,,975,4,,,0,185,,976,4,,,0,185,,977,4,,,0,145,,978,4,,,0,185,,979,4,,,0,185,,980,4,,,0,185,,981,4,,,0,145,,982,4,,,0
30100,'05SU',815,,983,4,,,0,185,,984,4,,,0,145,,985,4,,,0,185,,986,4,,,0,185,,987,4,,,0,185,,988,4,,,0,145,,989,4,,,0,185,,990,4,,,0,185,,991,4,,,0
30100,'06MF',715,,992,4,,,0,140,,993,4,,,0,180,,994,4,,,0,180,,995,4,,,0,140,,996,4,,,0,180,,997,4,,,0,180,,998,4,,,0,140,,999,4,,,0
30100,'06SA',730,,1000,4,,,0,185,,1001,4,,,0,185,,1002,4,,,0,145,,1003,4,,,0,185,,1004,4,,,0,185,,1005,4,,,0,185,,1006,4,,,0,145,,1007,4,,,0,185,,1008,4,,,0,185,,1009,4,,,0
30100,'06SU',1015,,1010,4,,,0,185,,1011,4,,,0,145,,1012,4,,,0,185,,1013,4,,,0,185,,1014,4,,,0,185,,1015,4,,,0,145,,1016,4,,,0,185,,1017,4,,,0,185,,1018,4,,,0
30100,'07MF',545,,1019,4,,,0,180,,1020,4,,,0,180,,1021,4,,,0,140,,1022,4,,,0,180,,1023,4,,,0,180,,1024,4,,,0,140,,1025,4,,,0,180,,1026,4,,,0,180,,1027,4,,,0,140,,1028,4,,,0,185,,1029,4,,,0,185,,1030,4,,,0
30100,'07SA',745,,1031,4,,,0,185,,1032,4,,,0,185,,1033,4,,,0,185,,1034,4,,,0,145,,1035,4,,,0,185,,1036,4,,,0,185,,1037,4,,,0,185,,1038,4,,,0,145,,1039,4,,,0,185,,1040,4,,,0
30100,'07SU',845,,1041,4,,,0,185,,1042,4,,,0,185,,1043,4,,,0,185,,1044,4,,,0,145,,1045,4,,,0,185,,1046,4,,,0,185,,1047,4,,,0,185,,1048,4,,,0,145,,1049,4,,,0
30100,'08MF',735,,1050,4,,,0,180,,1051,4,,,0,140,,1052,4,,,0,180,,1053,4,,,0,180,,1054,4,,,0,140,,1055,4,,,0,180,,1056,4,,,0,180,,1057,4,,,0,185,,1058,4,,,0,150,,1059,4,,,0
30100,'09MF',745,,1060,4,,,0,180,,1061,4,,,0,180,,1062,4,,,0,140,,1063,4,,,0,180,,1064,4,,,0,180,,1065,4,,,0,140,,1066,4,,,0,185,,1067,4,,,0,185,,1068,4,,,0,190,,1069,4,,,0,140,,1070,4,,,0
30100,'10MF',615,,1071,4,,,0,140,,1072,4,,,0,180,,1073,4,,,0,180,,1074,4,,,0,140,,1075,4,,,0,180,,1076,4,,,0,180,,1077,4,,,0,140,,1078,4,,,0
