30100,'01MF',830,,842,14,,,0,180,,843,14,,,0,140,,844,14,,,0,180,,845,14,,,0,180,,846,14,,,0,140,,847,14,,,0,180,,848,14,,,0,180,,849,14,,,0,145,,850,14,,,0,190,,851,14,,,0
30100,'01SA',640,,852,14,,,0,185,,853,14,,,0,185,,854,14,,,0,145,,855,14,,,0,185,,856,14,,,0,185,,857,14,,,0,185,,858,14,,,0,145,,859,14,,,0,185,,860,14,,,0,185,,861,14,,,0,185,,862,14,,,0
30100,'01SU',740,,863,14,,,0,185,,864,14,,,0,185,,865,14,,,0,145,,866,14,,,0,185,,867,14,,,0,185,,868,14,,,0,185,,869,14,,,0,145,,870,14,,,0,185,,871,14,,,0,185,,872,14,,,0,185,,873,14,,,0
30100,'02MF',655,,874,14,,,0,185,,875,14,,,0,180,,876,14,,,0,180,,877,14,,,0,140,,878,14,,,0,180,,879,14,,,0,180,,880,14,,,0,140,,881,14,,,0,185,,882,14,,,0,185,,883,14,,,0,190,,884,14,,,0
30100,'02SA',655,,885,14,,,0,185,,886,14,,,0,185,,887,14,,,0,185,,888,14,,,0,145,,889,14,,,0,185,,890,14,,,0,185,,891,14,,,0,185,,892,14,,,0,145,,893,14,,,0,185,,894,14,,,0
30100,'02SU',940,,895,14,,,0,185,,896,14,,,0,185,,897,14,,,0,145,,898,14,,,0,185,,899,14,,,0,185,,900,14,,,0,185,,901,14,,,0,145,,902,14,,,0,185,,903,14,,,0
30100,'03MF',710,,904,14,,,0,140,,905,14,,,0,180,,906,14,,,0,180,,907,14,,,0,140,,908,14,,,0,180,,909,14,,,0,180,,910,14,,,0,140,,911,14,,,0
30100,'03SA',710,,912,14,,,0,145,,913,14,,,0,185,,914,14,,,0,185,,915,14,,,0,185,,916,14,,,0,145,,917,14,,,0,185,,918,14,,,0,185,,919,14,,,0,185,,920,14,,,0,145,,921,14,,,0,185,,922,14,,,0
30100,'03SU',810,,923,14,,,0,145,,924,14,,,0,185,,925,14,,,0,185,,926,14,,,0,185,,927,14,,,0,145,,928,14,,,0,185,,929,14,,,0,185,,930,14,,,0,185,,931,14,,,0,145,,932,14,,,0
30100,'04MF',900,,933,14,,,0,140,,934,14,,,0,180,,935,14,,,0,180,,936,14,,,0,140,,937,14,,,0,180,,938,14,,,0,180,,939,14,,,0,140,,940,14,,,0,185,,941,14,,,0,190,,942,14,,,0
30100,'04SA',725,,943,14,,,0,185,,944,14,,,0,145,,945,14,,,0,185,,946,14,,,0,185,,947,14,,,0,185,,948,14,,,0,145,,949,14,,,0,185,,950,14,,,0,185,,951,14,,,0,185,,952,14,,,0
30100,'04SU',1010,,953,14,,,0,145,,954,14,,,0,185,,955,14,,,0,185,,956,14,,,0,185,,957,14,,,0,145,,958,14,,,0,185,,959,14,,,0,185,,960,14,,,0,185,,961,14,,,0
30100,'05MF',725,,962,14,,,0,185,,963,14,,,0,140,,964,14,,,0,180,,965,14,,,0,180,,966,14,,,0,140,,967,14,,,0,180,,968,14,,,0,180,,969,14,,,0,145,,970,14,,,0,185,,971,14,,,0
30100,'05SA',740,,972,14,,,0,185,,973,14,,,0,185,,974,14,,,0,145,,975,14,,,0,185,,976,14,,,0,185,,977,14,,,0,185,,978,14,,,0,145,,979,14,,,0,185,,980,14,,,0,185,,981,14,,,0,185,,982,14,,,0
30100,'05SU',840,,983,14,,,0,185,,984,14,,,0,185,,985,14,,,0,145,,986,14,,,0,185,,987,14,,,0,185,,988,14,,,0,185,,989,14,,,0,145,,990,14,,,0,185,,991,14,,,0
30100,'06MF',740,,992,14,,,0,180,,993,14,,,0,180,,994,14,,,0,140,,995,14,,,0,180,,996,14,,,0,180,,997,14,,,0,140,,998,14,,,0,180,,999,14,,,0
30100,'06SA',755,,1000,14,,,0,185,,1001,14,,,0,185,,1002,14,,,0,185,,1003,14,,,0,145,,1004,14,,,0,185,,1005,14,,,0,185,,1006,14,,,0,185,,1007,14,,,0,145,,1008,14,,,0,185,,1009,14,,,0
30100,'06SU',1040,,1010,14,,,0,185,,1011,14,,,0,185,,1012,14,,,0,145,,1013,14,,,0,185,,1014,14,,,0,185,,1015,14,,,0,185,,1016,14,,,0,145,,1017,14,,,0,185,,1018,14,,,0
30100,'07MF',610,,1019,14,,,0,140,,1020,14,,,0,180,,1021,14,,,0,180,,1022,14,,,0,140,,1023,14,,,0,180,,1024,14,,,0,180,,1025,14,,,0,140,,1026,14,,,0,180,,1027,14,,,0,180,,1028,14,,,0,145,,1029,14,,,0,185,,1030,14,,,0
30100,'07SA',810,,1031,14,,,0,145,,1032,14,,,0,185,,1033,14,,,0,185,,1034,14,,,0,185,,1035,14,,,0,145,,1036,14,,,0,185,,1037,14,,,0,185,,1038,14,,,0,185,,1039,14,,,0,145,,1040,14,,,0
30100,'07SU',910,,1041,14,,,0,145,,1042,14,,,0,185,,1043,14,,,0,185,,1044,14,,,0,185,,1045,14,,,0,145,,1046,14,,,0,185,,1047,14,,,0,185,,1048,14,,,0,185,,1049,14,,,0
30100,'08MF',800,,1050,14,,,0,140,,1051,14,,,0,180,,1052,14,,,0,180,,1053,14,,,0,140,,1054,14,,,0,180,,1055,14,,,0,180,,1056,14,,,0,140,,1057,14,,,0,185,,1058,14,,,0,190,,1059,14,,,0
30100,'09MF',810,,1060,14,,,0,140,,1061,14,,,0,180,,1062,14,,,0,180,,1063,14,,,0,140,,1064,14,,,0,180,,1065,14,,,0,180,,1066,14,,,0,145,,1067,14,,,0,185,,1068,14,,,0,190,,1069,14,,,0,180,,1070,14,,,0
30100,'10MF',640,,1071,14,,,0,180,,1072,14,,,0,180,,1073,14,,,0,140,,1074,14,,,0,180,,1075,14,,,0,180,,1076,14,,,0,140,,1077,14,,,0,180,,1078,14,,,0
