30101,'01MF',710,,606,3,,,1,140,,607,3,,,1,180,,608,3,,,1,180,,609,3,,,1,140,,610,3,,,1,180,,611,3,,,1,180,,612,3,,,1,140,,613,3,,,1,185,,614,3,,,1,185,,615,3,,,1
30101,'01SA',705,,616,3,,,1,145,,617,3,,,1,185,,618,3,,,1,185,,619,3,,,1,185,,620,3,,,1,145,,621,3,,,1,185,,622,3,,,1,185,,623,3,,,1,185,,624,3,,,1,145,,625,3,,,1
30101,'01SU',618,,626,1,,,1,187,,627,3,,,1,145,,628,3,,,1,185,,629,3,,,1,185,,630,3,,,1,185,,631,3,,,1,145,,632,3,,,1,185,,633,3,,,1,185,,634,3,,,1,185,,635,3,,,1,145,,636,3,,,1
30101,'02MF',535,,637,3,,,1,185,,638,3,,,1,180,40,639,3,,,1,140,,640,3,,,1,180,,641,3,,,1,180,40,642,3,,,1,140,,643,3,,,1,180,,644,3,,,1,185,,645,3,,,1,145,,646,3,,,1,185,,647,3,,,1
30101,'02SA',535,,648,3,,,1,185,,649,3,,,1,185,,650,3,,,1,145,,651,3,,,1,185,,652,3,,,1,185,,653,3,,,1,185,,654,3,,,1,145,,655,3,,,1,185,,656,3,,,1,185,,657,3,,,1
30101,'02SU',820,,658,3,,,1,185,,659,3,,,1,145,,660,3,,,1,185,,661,3,,,1,185,,662,3,,,1,185,,663,3,,,1,145,,664,3,,,1,185,,665,3,,,1,185,,666,3,,,1
30101,'03MF',550,,667,3,,,1,180,,668,3,,,1,180,,669,3,,,1,140,,670,3,,,1,180,,671,3,,,1,180,,672,3,,,1,140,,673,3,,,1,180,,674,3,,,1
30101,'03SA',550,,675,3,,,1,185,,676,3,,,1,185,,677,3,,,1,185,,678,3,,,1,145,,679,3,,,1,185,,680,3,,,1,185,,681,3,,,1,185,,682,3,,,1,145,,683,3,,,1,185,,684,3,,,1,185,,685,3,,,1
30101,'03SU',650,,686,3,,,1,185,,687,3,,,1,185,,688,3,,,1,185,,689,3,,,1,145,,690,3,,,1,185,,691,3,,,1,185,,692,3,,,1,185,,693,3,,,1,145,,694,3,,,1,185,,695,3,,,1
30101,'04MF',740,,696,3,,,1,180,,697,3,,,1,180,40,698,3,,,1,140,,699,3,,,1,180,,700,3,,,1,180,40,701,3,,,1,140,,702,3,,,1,180,,703,3,,,1,185,,704,3,,,1,145,,705,3,,,1
30101,'04SA',605,,706,3,,,1,145,,707,3,,,1,185,,708,3,,,1,185,,709,3,,,1,185,,710,3,,,1,145,,711,3,,,1,185,,712,3,,,1,185,,713,3,,,1,185,,714,3,,,1,145,,715,3,,,1
30101,'04SU',850,,716,3,,,1,185,,717,3,,,1,185,,718,3,,,1,185,,719,3,,,1,145,,720,3,,,1,185,,721,3,,,1,185,,722,3,,,1,185,,723,3,,,1,145,,724,3,,,1
30101,'05MF',605,,725,3,,,1,145,,726,3,,,1,180,,727,3,,,1,180,,728,3,,,1,140,,729,3,,,1,180,,730,3,,,1,180,,731,3,,,1,140,,732,3,,,1,185,,733,3,,,1,185,,734,3,,,1
30101,'05SA',620,,735,3,,,1,185,,736,3,,,1,145,,737,3,,,1,185,,738,3,,,1,185,,739,3,,,1,185,,740,3,,,1,145,,741,3,,,1,185,,742,3,,,1,185,,743,3,,,1,185,,744,3,,,1,145,,745,3,,,1
30101,'05SU',720,,746,3,,,1,185,,747,3,,,1,145,,748,3,,,1,185,,749,3,,,1,185,,750,3,,,1,185,,751,3,,,1,145,,752,3,,,1,185,,753,3,,,1,185,,754,3,,,1
30101,'06MF',620,,755,3,,,1,180,40,756,3,,,1,140,,757,3,,,1,180,,758,3,,,1,180,40,759,3,,,1,140,,760,3,,,1,180,,761,3,,,1,180,40,762,3,,,1
30101,'06SA',635,,763,3,,,1,185,,764,3,,,1,185,,765,3,,,1,145,,766,3,,,1,185,,767,3,,,1,185,,768,3,,,1,185,,769,3,,,1,145,,770,3,,,1,185,,771,3,,,1,185,,772,3,,,1
30101,'06SU',920,,773,3,,,1,185,,774,3,,,1,145,,775,3,,,1,185,,776,3,,,1,185,,777,3,,,1,185,,778,3,,,1,145,,779,3,,,1,185,,780,3,,,1,185,,781,3,,,1
30101,'07MF',447,,782,1,,,1,183,,783,3,,,1,180,,784,3,,,1,140,,785,3,,,1,180,,786,3,,,1,180,,787,3,,,1,140,,788,3,,,1,180,,789,3,,,1,180,,790,3,,,1,140,,791,3,,,1,185,,792,3,,,1,185,,793,3,,,1
30101,'07SA',650,,794,3,,,1,185,,795,3,,,1,185,,796,3,,,1,185,,797,3,,,1,145,,798,3,,,1,185,,799,3,,,1,185,,800,3,,,1,185,,801,3,,,1,145,,802,3,,,1,185,,803,3,,,1
30101,'07SU',750,,804,3,,,1,185,,805,3,,,1,185,,806,3,,,1,185,,807,3,,,1,145,,808,3,,,1,185,,809,3,,,1,185,,810,3,,,1,185,,811,3,,,1,145,,812,3,,,1
30101,'08MF',640,,813,3,,,1,180,,814,3,,,1,180,40,815,3,,,1,140,,816,3,,,1,180,,817,3,,,1,180,40,818,3,,,1,140,,819,3,,,1,180,,820,3,,,1,185,,821,3,,,1,145,,822,3,,,1
30101,'09MF',650,,823,3,,,1,180,,824,3,,,1,180,,825,3,,,1,140,,826,3,,,1,180,,827,3,,,1,180,,828,3,,,1,140,,829,3,,,1,185,,830,3,,,1,185,,831,3,,,1,185,,832,3,,,1,145,,833,3,,,1
30101,'10MF',520,,834,3,,,1,180,40,835,3,,,1,140,,836,3,,,1,180,,837,3,,,1,180,40,838,3,,,1,140,,839,3,,,1,180,,840,3,,,1,180,40,841,3,,,1
