30100,'01MF',834,,842,15,4,,1,180,,843,15,4,,1,140,,844,15,4,,1,180,,845,15,4,,1,180,,846,15,4,,1,140,,847,15,4,,1,180,,848,15,4,,1,180,,849,15,4,,1,145,,850,15,4,,1,190,,851,15,4,,1
30100,'01SA',644,,852,15,4,,1,185,,853,15,4,,1,185,,854,15,4,,1,145,,855,15,4,,1,185,,856,15,4,,1,185,,857,15,4,,1,185,,858,15,4,,1,145,,859,15,4,,1,185,,860,15,4,,1,185,,861,15,4,,1,185,,862,15,4,,1
30100,'01SU',744,,863,15,4,,1,185,,864,15,4,,1,185,,865,15,4,,1,145,,866,15,4,,1,185,,867,15,4,,1,185,,868,15,4,,1,185,,869,15,4,,1,145,,870,15,4,,1,185,,871,15,4,,1,185,,872,15,4,,1,185,,873,15,4,,1
30100,'02MF',659,,874,15,4,,1,185,,875,15,4,,1,180,,876,15,4,,1,180,,877,15,4,,1,140,,878,15,4,,1,180,,879,15,4,,1,180,,880,15,4,,1,140,,881,15,4,,1,185,,882,15,4,,1,185,,883,15,4,,1,190,,884,15,4,,1
30100,'02SA',659,,885,15,4,,1,185,,886,15,4,,1,185,,887,15,4,,1,185,,888,15,4,,1,145,,889,15,4,,1,185,,890,15,4,,1,185,,891,15,4,,1,185,,892,15,4,,1,145,,893,15,4,,1,185,,894,15,4,,1
30100,'02SU',944,,895,15,4,,1,185,,896,15,4,,1,185,,897,15,4,,1,145,,898,15,4,,1,185,,899,15,4,,1,185,,900,15,4,,1,185,,901,15,4,,1,145,,902,15,4,,1,185,,903,15,4,,1
30100,'03MF',714,,904,15,4,,1,140,,905,15,4,,1,180,,906,15,4,,1,180,,907,15,4,,1,140,,908,15,4,,1,180,,909,15,4,,1,180,,910,15,4,,1,140,,911,15,4,,1
30100,'03SA',714,,912,15,4,,1,145,,913,15,4,,1,185,,914,15,4,,1,185,,915,15,4,,1,185,,916,15,4,,1,145,,917,15,4,,1,185,,918,15,4,,1,185,,919,15,4,,1,185,,920,15,4,,1,145,,921,15,4,,1,185,,922,15,4,,1
30100,'03SU',814,,923,15,4,,1,145,,924,15,4,,1,185,,925,15,4,,1,185,,926,15,4,,1,185,,927,15,4,,1,145,,928,15,4,,1,185,,929,15,4,,1,185,,930,15,4,,1,185,,931,15,4,,1,145,,932,15,4,,1
30100,'04MF',904,,933,15,4,,1,140,,934,15,4,,1,180,,935,15,4,,1,180,,936,15,4,,1,140,,937,15,4,,1,180,,938,15,4,,1,180,,939,15,4,,1,140,,940,15,4,,1,185,,941,15,4,,1,190,,942,15,4,,1
30100,'04SA',729,,943,15,4,,1,185,,944,15,4,,1,145,,945,15,4,,1,185,,946,15,4,,1,185,,947,15,4,,1,185,,948,15,4,,1,145,,949,15,4,,1,185,,950,15,4,,1,185,,951,15,4,,1,185,,952,15,4,,1
30100,'04SU',1014,,953,15,4,,1,145,,954,15,4,,1,185,,955,15,4,,1,185,,956,15,4,,1,185,,957,15,4,,1,145,,958,15,4,,1,185,,959,15,4,,1,185,,960,15,4,,1,185,,961,15,4,,1
30100,'05MF',729,,962,15,4,,1,185,,963,15,4,,1,140,,964,15,4,,1,180,,965,15,4,,1,180,,966,15,4,,1,140,,967,15,4,,1,180,,968,15,4,,1,180,,969,15,4,,1,145,,970,15,4,,1,185,,971,15,4,,1
30100,'05SA',744,,972,15,4,,1,185,,973,15,4,,1,185,,974,15,4,,1,145,,975,15,4,,1,185,,976,15,4,,1,185,,977,15,4,,1,185,,978,15,4,,1,145,,979,15,4,,1,185,,980,15,4,,1,185,,981,15,4,,1,185,,982,15,4,,1
30100,'05SU',844,,983,15,4,,1,185,,984,15,4,,1,185,,985,15,4,,1,145,,986,15,4,,1,185,,987,15,4,,1,185,,988,15,4,,1,185,,989,15,4,,1,145,,990,15,4,,1,185,,991,15,4,,1
30100,'06MF',744,,992,15,4,,1,180,,993,15,4,,1,180,,994,15,4,,1,140,,995,15,4,,1,180,,996,15,4,,1,180,,997,15,4,,1,140,,998,15,4,,1,180,,999,15,4,,1
30100,'06SA',759,,1000,15,4,,1,185,,1001,15,4,,1,185,,1002,15,4,,1,185,,1003,15,4,,1,145,,1004,15,4,,1,185,,1005,15,4,,1,185,,1006,15,4,,1,185,,1007,15,4,,1,145,,1008,15,4,,1,185,,1009,15,4,,1
30100,'06SU',1044,,1010,15,4,,1,185,,1011,15,4,,1,185,,1012,15,4,,1,145,,1013,15,4,,1,185,,1014,15,4,,1,185,,1015,15,4,,1,185,,1016,15,4,,1,145,,1017,15,4,,1,185,,1018,15,4,,1
30100,'07MF',614,,1019,15,4,,1,140,,1020,15,4,,1,180,,1021,15,4,,1,180,,1022,15,4,,1,140,,1023,15,4,,1,180,,1024,15,4,,1,180,,1025,15,4,,1,140,,1026,15,4,,1,180,,1027,15,4,,1,180,,1028,15,4,,1,145,,1029,15,4,,1,185,,1030,15,4,,1
30100,'07SA',814,,1031,15,4,,1,145,,1032,15,4,,1,185,,1033,15,4,,1,185,,1034,15,4,,1,185,,1035,15,4,,1,145,,1036,15,4,,1,185,,1037,15,4,,1,185,,1038,15,4,,1,185,,1039,15,4,,1,145,,1040,15,4,,1
30100,'07SU',914,,1041,15,4,,1,145,,1042,15,4,,1,185,,1043,15,4,,1,185,,1044,15,4,,1,185,,1045,15,4,,1,145,,1046,15,4,,1,185,,1047,15,4,,1,185,,1048,15,4,,1,185,,1049,15,4,,1
30100,'08MF',804,,1050,15,4,,1,140,,1051,15,4,,1,180,,1052,15,4,,1,180,,1053,15,4,,1,140,,1054,15,4,,1,180,,1055,15,4,,1,180,,1056,15,4,,1,140,,1057,15,4,,1,185,,1058,15,4,,1,190,,1059,15,4,,1
30100,'09MF',814,,1060,15,4,,1,140,,1061,15,4,,1,180,,1062,15,4,,1,180,,1063,15,4,,1,140,,1064,15,4,,1,180,,1065,15,4,,1,180,,1066,15,4,,1,145,,1067,15,4,,1,185,,1068,15,4,,1,190,,1069,15,4,,1,180,,1070,15,4,,1
30100,'10MF',644,,1071,15,4,,1,180,,1072,15,4,,1,180,,1073,15,4,,1,140,,1074,15,4,,1,180,,1075,15,4,,1,180,,1076,15,4,,1,140,,1077,15,4,,1,180,,1078,15,4,,1
