30101,'01MF',717,,606,6,,,1,140,,607,6,,,1,180,,608,6,,,1,180,,609,6,,,1,140,,610,6,,,1,180,,611,6,,,1,180,,612,6,,,1,140,,613,6,,,1,185,,614,6,,,1,185,,615,6,,,1
30101,'01SA',712,,616,6,,,1,145,,617,6,,,1,185,,618,6,,,1,185,,619,6,,,1,185,,620,6,,,1,145,,621,6,,,1,185,,622,6,,,1,185,,623,6,,,1,185,,624,6,,,1,145,,625,6,,,1
30101,'01SU',625,,626,4,,,1,187,,627,6,,,1,145,,628,6,,,1,185,,629,6,,,1,185,,630,6,,,1,185,,631,6,,,1,145,,632,6,,,1,185,,633,6,,,1,185,,634,6,,,1,185,,635,6,,,1,145,,636,6,,,1
30101,'02MF',542,,637,6,,,1,185,,638,6,,,1,180,,639,6,,,1,140,,640,6,,,1,180,,641,6,,,1,180,,642,6,,,1,140,,643,6,,,1,180,,644,6,,,1,185,,645,6,,,1,145,,646,6,,,1,185,,647,6,,,1
30101,'02SA',542,,648,6,,,1,185,,649,6,,,1,185,,650,6,,,1,145,,651,6,,,1,185,,652,6,,,1,185,,653,6,,,1,185,,654,6,,,1,145,,655,6,,,1,185,,656,6,,,1,185,,657,6,,,1
30101,'02SU',827,,658,6,,,1,185,,659,6,,,1,145,,660,6,,,1,185,,661,6,,,1,185,,662,6,,,1,185,,663,6,,,1,145,,664,6,,,1,185,,665,6,,,1,185,,666,6,,,1
30101,'03MF',557,,667,6,,,1,180,,668,6,,,1,180,,669,6,,,1,140,,670,6,,,1,180,,671,6,,,1,180,,672,6,,,1,140,,673,6,,,1,180,,674,6,,,1
30101,'03SA',557,,675,6,,,1,185,,676,6,,,1,185,,677,6,,,1,185,,678,6,,,1,145,,679,6,,,1,185,,680,6,,,1,185,,681,6,,,1,185,,682,6,,,1,145,,683,6,,,1,185,,684,6,,,1,185,,685,6,,,1
30101,'03SU',657,,686,6,,,1,185,,687,6,,,1,185,,688,6,,,1,185,,689,6,,,1,145,,690,6,,,1,185,,691,6,,,1,185,,692,6,,,1,185,,693,6,,,1,145,,694,6,,,1,185,,695,6,,,1
30101,'04MF',747,,696,6,,,1,180,,697,6,,,1,180,,698,6,,,1,140,,699,6,,,1,180,,700,6,,,1,180,,701,6,,,1,140,,702,6,,,1,180,,703,6,,,1,185,,704,6,,,1,145,,705,6,,,1
30101,'04SA',612,,706,6,,,1,145,,707,6,,,1,185,,708,6,,,1,185,,709,6,,,1,185,,710,6,,,1,145,,711,6,,,1,185,,712,6,,,1,185,,713,6,,,1,185,,714,6,,,1,145,,715,6,,,1
30101,'04SU',857,,716,6,,,1,185,,717,6,,,1,185,,718,6,,,1,185,,719,6,,,1,145,,720,6,,,1,185,,721,6,,,1,185,,722,6,,,1,185,,723,6,,,1,145,,724,6,,,1
30101,'05MF',612,,725,6,,,1,145,,726,6,,,1,180,,727,6,,,1,180,,728,6,,,1,140,,729,6,,,1,180,,730,6,,,1,180,,731,6,,,1,140,,732,6,,,1,185,,733,6,,,1,185,,734,6,,,1
30101,'05SA',627,,735,6,,,1,185,,736,6,,,1,145,,737,6,,,1,185,,738,6,,,1,185,,739,6,,,1,185,,740,6,,,1,145,,741,6,,,1,185,,742,6,,,1,185,,743,6,,,1,185,,744,6,,,1,145,,745,6,,,1
30101,'05SU',727,,746,6,,,1,185,,747,6,,,1,145,,748,6,,,1,185,,749,6,,,1,185,,750,6,,,1,185,,751,6,,,1,145,,752,6,,,1,185,,753,6,,,1,185,,754,6,,,1
30101,'06MF',627,,755,6,,,1,180,,756,6,,,1,140,,757,6,,,1,180,,758,6,,,1,180,,759,6,,,1,140,,760,6,,,1,180,,761,6,,,1,180,,762,6,,,1
30101,'06SA',642,,763,6,,,1,185,,764,6,,,1,185,,765,6,,,1,145,,766,6,,,1,185,,767,6,,,1,185,,768,6,,,1,185,,769,6,,,1,145,,770,6,,,1,185,,771,6,,,1,185,,772,6,,,1
30101,'06SU',927,,773,6,,,1,185,,774,6,,,1,145,,775,6,,,1,185,,776,6,,,1,185,,777,6,,,1,185,,778,6,,,1,145,,779,6,,,1,185,,780,6,,,1,185,,781,6,,,1
30101,'07MF',454,,782,4,,,1,183,,783,6,,,1,180,,784,6,,,1,140,,785,6,,,1,180,,786,6,,,1,180,,787,6,,,1,140,,788,6,,,1,180,,789,6,,,1,180,,790,6,,,1,140,,791,6,,,1,185,,792,6,,,1,185,,793,6,,,1
30101,'07SA',657,,794,6,,,1,185,,795,6,,,1,185,,796,6,,,1,185,,797,6,,,1,145,,798,6,,,1,185,,799,6,,,1,185,,800,6,,,1,185,,801,6,,,1,145,,802,6,,,1,185,,803,6,,,1
30101,'07SU',757,,804,6,,,1,185,,805,6,,,1,185,,806,6,,,1,185,,807,6,,,1,145,,808,6,,,1,185,,809,6,,,1,185,,810,6,,,1,185,,811,6,,,1,145,,812,6,,,1
30101,'08MF',647,,813,6,,,1,180,,814,6,,,1,180,,815,6,,,1,140,,816,6,,,1,180,,817,6,,,1,180,,818,6,,,1,140,,819,6,,,1,180,,820,6,,,1,185,,821,6,,,1,145,,822,6,,,1
30101,'09MF',657,,823,6,,,1,180,,824,6,,,1,180,,825,6,,,1,140,,826,6,,,1,180,,827,6,,,1,180,,828,6,,,1,140,,829,6,,,1,185,,830,6,,,1,185,,831,6,,,1,185,,832,6,,,1,145,,833,6,,,1
30101,'10MF',527,,834,6,,,1,180,,835,6,,,1,140,,836,6,,,1,180,,837,6,,,1,180,,838,6,,,1,140,,839,6,,,1,180,,840,6,,,1,180,,841,6,,,1
