30101,'01MF',738,,606,14,,,1,180,,607,14,,,1,140,,608,14,,,1,180,,609,14,,,1,180,,610,14,,,1,140,,611,14,,,1,180,,612,14,,,1,180,,613,14,,,1,185,,614,14,,,1,145,,615,14,,,1
30101,'01SA',733,,616,14,,,1,185,,617,14,,,1,185,,618,14,,,1,145,,619,14,,,1,185,,620,14,,,1,185,,621,14,,,1,185,,622,14,,,1,145,,623,14,,,1,185,,624,14,,,1,185,,625,14,,,1
30101,'01SU',646,,626,12,,,1,187,,627,14,,,1,185,,628,14,,,1,185,,629,14,,,1,145,,630,14,,,1,185,,631,14,,,1,185,,632,14,,,1,185,,633,14,,,1,145,,634,14,,,1,185,,635,14,,,1,185,,636,14,,,1
30101,'02MF',603,,637,14,,,1,145,,638,14,,,1,180,,639,14,,,1,180,,640,14,,,1,140,,641,14,,,1,180,,642,14,,,1,180,,643,14,,,1,140,,644,14,,,1,185,,645,14,,,1,185,,646,14,,,1,185,,647,14,,,1
30101,'02SA',603,,648,14,,,1,145,,649,14,,,1,185,,650,14,,,1,185,,651,14,,,1,185,,652,14,,,1,145,,653,14,,,1,185,,654,14,,,1,185,,655,14,,,1,185,,656,14,,,1,145,,657,14,,,1
30101,'02SU',848,,658,14,,,1,185,,659,14,,,1,185,,660,14,,,1,185,,661,14,,,1,145,,662,14,,,1,185,,663,14,,,1,185,,664,14,,,1,185,,665,14,,,1,145,,666,14,,,1
30101,'03MF',618,,667,14,,,1,140,,668,14,,,1,180,,669,14,,,1,180,,670,14,,,1,140,,671,14,,,1,180,,672,14,,,1,180,,673,14,,,1,140,,674,14,,,1
30101,'03SA',618,,675,14,,,1,185,,676,14,,,1,145,,677,14,,,1,185,,678,14,,,1,185,,679,14,,,1,185,,680,14,,,1,145,,681,14,,,1,185,,682,14,,,1,185,,683,14,,,1,185,,684,14,,,1,145,,685,14,,,1
30101,'03SU',718,,686,14,,,1,185,,687,14,,,1,145,,688,14,,,1,185,,689,14,,,1,185,,690,14,,,1,185,,691,14,,,1,145,,692,14,,,1,185,,693,14,,,1,185,,694,14,,,1,185,,695,14,,,1
30101,'04MF',808,,696,14,,,1,140,,697,14,,,1,180,,698,14,,,1,180,,699,14,,,1,140,,700,14,,,1,180,,701,14,,,1,180,,702,14,,,1,140,,703,14,,,1,185,,704,14,,,1,185,,705,14,,,1
30101,'04SA',633,,706,14,,,1,185,,707,14,,,1,185,,708,14,,,1,145,,709,14,,,1,185,,710,14,,,1,185,,711,14,,,1,185,,712,14,,,1,145,,713,14,,,1,185,,714,14,,,1,185,,715,14,,,1
30101,'04SU',918,,716,14,,,1,185,,717,14,,,1,145,,718,14,,,1,185,,719,14,,,1,185,,720,14,,,1,185,,721,14,,,1,145,,722,14,,,1,185,,723,14,,,1,185,,724,14,,,1
30101,'05MF',633,,725,14,,,1,185,,726,14,,,1,140,,727,14,,,1,180,,728,14,,,1,180,,729,14,,,1,140,,730,14,,,1,180,,731,14,,,1,180,,732,14,,,1,185,,733,14,,,1,145,,734,14,,,1
30101,'05SA',648,,735,14,,,1,185,,736,14,,,1,185,,737,14,,,1,185,,738,14,,,1,145,,739,14,,,1,185,,740,14,,,1,185,,741,14,,,1,185,,742,14,,,1,145,,743,14,,,1,185,,744,14,,,1,185,,745,14,,,1
30101,'05SU',748,,746,14,,,1,185,,747,14,,,1,185,,748,14,,,1,185,,749,14,,,1,145,,750,14,,,1,185,,751,14,,,1,185,,752,14,,,1,185,,753,14,,,1,145,,754,14,,,1
30101,'06MF',648,,755,14,,,1,180,,756,14,,,1,180,,757,14,,,1,140,,758,14,,,1,180,,759,14,,,1,180,,760,14,,,1,140,,761,14,,,1,180,,762,14,,,1
30101,'06SA',703,,763,14,,,1,145,,764,14,,,1,185,,765,14,,,1,185,,766,14,,,1,185,,767,14,,,1,145,,768,14,,,1,185,,769,14,,,1,185,,770,14,,,1,185,,771,14,,,1,145,,772,14,,,1
30101,'06SU',948,,773,14,,,1,185,,774,14,,,1,185,,775,14,,,1,185,,776,14,,,1,145,,777,14,,,1,185,,778,14,,,1,185,,779,14,,,1,185,,780,14,,,1,145,,781,14,,,1
30101,'07MF',515,,782,12,,,1,143,,783,14,,,1,180,,784,14,,,1,180,,785,14,,,1,140,,786,14,,,1,180,,787,14,,,1,180,,788,14,,,1,140,,789,14,,,1,180,,790,14,,,1,180,,791,14,,,1,185,,792,14,,,1,145,,793,14,,,1
30101,'07SA',718,,794,14,,,1,185,,795,14,,,1,145,,796,14,,,1,185,,797,14,,,1,185,,798,14,,,1,185,,799,14,,,1,145,,800,14,,,1,185,,801,14,,,1,185,,802,14,,,1,185,,803,14,,,1
30101,'07SU',818,,804,14,,,1,185,,805,14,,,1,145,,806,14,,,1,185,,807,14,,,1,185,,808,14,,,1,185,,809,14,,,1,145,,810,14,,,1,185,,811,14,,,1,185,,812,14,,,1
30101,'08MF',708,,813,14,,,1,140,,814,14,,,1,180,,815,14,,,1,180,,816,14,,,1,140,,817,14,,,1,180,,818,14,,,1,180,,819,14,,,1,140,,820,14,,,1,185,,821,14,,,1,185,,822,14,,,1
30101,'09MF',718,,823,14,,,1,140,,824,14,,,1,180,,825,14,,,1,180,,826,14,,,1,140,,827,14,,,1,180,,828,14,,,1,180,,829,14,,,1,185,,830,14,,,1,145,,831,14,,,1,185,,832,14,,,1,185,,833,14,,,1
30101,'10MF',548,,834,14,,,1,180,,835,14,,,1,180,,836,14,,,1,140,,837,14,,,1,180,,838,14,,,1,180,,839,14,,,1,140,,840,14,,,1,180,,841,14,,,1
