30100,'01MF',807,,842,5,,,1,140,,843,5,,,1,180,,844,5,,,1,180,,845,5,,,1,140,,846,5,,,1,180,,847,5,,,1,180,,848,5,,,1,140,,849,5,,,1,185,,850,5,,,1,190,,851,5,,,1
30100,'01SA',617,,852,5,,,1,185,,853,5,,,1,145,,854,5,,,1,185,,855,5,,,1,185,,856,5,,,1,185,,857,5,,,1,145,,858,5,,,1,185,,859,5,,,1,185,,860,5,,,1,185,,861,5,,,1,145,,862,5,,,1
30100,'01SU',717,,863,5,,,1,185,,864,5,,,1,145,,865,5,,,1,185,,866,5,,,1,185,,867,5,,,1,185,,868,5,,,1,145,,869,5,,,1,185,,870,5,,,1,185,,871,5,,,1,185,,872,5,,,1,145,,873,5,,,1
30100,'02MF',632,,874,5,,,1,185,,875,5,,,1,140,,876,5,,,1,180,,877,5,,,1,180,,878,5,,,1,140,,879,5,,,1,180,,880,5,,,1,180,,881,5,,,1,185,,882,5,,,1,145,,883,5,,,1,190,,884,5,,,1
30100,'02SA',632,,885,5,,,1,185,,886,5,,,1,185,,887,5,,,1,145,,888,5,,,1,185,,889,5,,,1,185,,890,5,,,1,185,,891,5,,,1,145,,892,5,,,1,185,,893,5,,,1,185,,894,5,,,1
30100,'02SU',917,,895,5,,,1,185,,896,5,,,1,145,,897,5,,,1,185,,898,5,,,1,185,,899,5,,,1,185,,900,5,,,1,145,,901,5,,,1,185,,902,5,,,1,185,,903,5,,,1
30100,'03MF',647,,904,5,,,1,180,,905,5,,,1,180,,906,5,,,1,140,,907,5,,,1,180,,908,5,,,1,180,,909,5,,,1,140,,910,5,,,1,180,,911,5,,,1
30100,'03SA',647,,912,5,,,1,185,,913,5,,,1,185,,914,5,,,1,185,,915,5,,,1,145,,916,5,,,1,185,,917,5,,,1,185,,918,5,,,1,185,,919,5,,,1,145,,920,5,,,1,185,,921,5,,,1,185,,922,5,,,1
30100,'03SU',747,,923,5,,,1,185,,924,5,,,1,185,,925,5,,,1,185,,926,5,,,1,145,,927,5,,,1,185,,928,5,,,1,185,,929,5,,,1,185,,930,5,,,1,145,,931,5,,,1,185,,932,5,,,1
30100,'04MF',837,,933,5,,,1,180,,934,5,,,1,140,,935,5,,,1,180,,936,5,,,1,180,,937,5,,,1,140,,938,5,,,1,180,,939,5,,,1,180,,940,5,,,1,185,,941,5,,,1,150,,942,5,,,1
30100,'04SA',702,,943,5,,,1,145,,944,5,,,1,185,,945,5,,,1,185,,946,5,,,1,185,,947,5,,,1,145,,948,5,,,1,185,,949,5,,,1,185,,950,5,,,1,185,,951,5,,,1,145,,952,5,,,1
30100,'04SU',947,,953,5,,,1,185,,954,5,,,1,185,,955,5,,,1,185,,956,5,,,1,145,,957,5,,,1,185,,958,5,,,1,185,,959,5,,,1,185,,960,5,,,1,145,,961,5,,,1
30100,'05MF',702,,962,5,,,1,145,,963,5,,,1,180,,964,5,,,1,180,,965,5,,,1,140,,966,5,,,1,180,,967,5,,,1,180,,968,5,,,1,140,,969,5,,,1,185,,970,5,,,1,185,,971,5,,,1
30100,'05SA',717,,972,5,,,1,185,,973,5,,,1,145,,974,5,,,1,185,,975,5,,,1,185,,976,5,,,1,185,,977,5,,,1,145,,978,5,,,1,185,,979,5,,,1,185,,980,5,,,1,185,,981,5,,,1,145,,982,5,,,1
30100,'05SU',817,,983,5,,,1,185,,984,5,,,1,145,,985,5,,,1,185,,986,5,,,1,185,,987,5,,,1,185,,988,5,,,1,145,,989,5,,,1,185,,990,5,,,1,185,,991,5,,,1
30100,'06MF',717,,992,5,,,1,140,,993,5,,,1,180,,994,5,,,1,180,,995,5,,,1,140,,996,5,,,1,180,,997,5,,,1,180,,998,5,,,1,140,,999,5,,,1
30100,'06SA',732,,1000,5,,,1,185,,1001,5,,,1,185,,1002,5,,,1,145,,1003,5,,,1,185,,1004,5,,,1,185,,1005,5,,,1,185,,1006,5,,,1,145,,1007,5,,,1,185,,1008,5,,,1,185,,1009,5,,,1
30100,'06SU',1017,,1010,5,,,1,185,,1011,5,,,1,145,,1012,5,,,1,185,,1013,5,,,1,185,,1014,5,,,1,185,,1015,5,,,1,145,,1016,5,,,1,185,,1017,5,,,1,185,,1018,5,,,1
30100,'07MF',547,,1019,5,,,1,180,,1020,5,,,1,180,,1021,5,,,1,140,,1022,5,,,1,180,,1023,5,,,1,180,,1024,5,,,1,140,,1025,5,,,1,180,,1026,5,,,1,180,,1027,5,,,1,140,,1028,5,,,1,185,,1029,5,,,1,185,,1030,5,,,1
30100,'07SA',747,,1031,5,,,1,185,,1032,5,,,1,185,,1033,5,,,1,185,,1034,5,,,1,145,,1035,5,,,1,185,,1036,5,,,1,185,,1037,5,,,1,185,,1038,5,,,1,145,,1039,5,,,1,185,,1040,5,,,1
30100,'07SU',847,,1041,5,,,1,185,,1042,5,,,1,185,,1043,5,,,1,185,,1044,5,,,1,145,,1045,5,,,1,185,,1046,5,,,1,185,,1047,5,,,1,185,,1048,5,,,1,145,,1049,5,,,1
30100,'08MF',737,,1050,5,,,1,180,,1051,5,,,1,140,,1052,5,,,1,180,,1053,5,,,1,180,,1054,5,,,1,140,,1055,5,,,1,180,,1056,5,,,1,180,,1057,5,,,1,185,,1058,5,,,1,150,,1059,5,,,1
30100,'09MF',747,,1060,5,,,1,180,,1061,5,,,1,180,,1062,5,,,1,140,,1063,5,,,1,180,,1064,5,,,1,180,,1065,5,,,1,140,,1066,5,,,1,185,,1067,5,,,1,185,,1068,5,,,1,190,,1069,5,,,1,140,,1070,5,,,1
30100,'10MF',617,,1071,5,,,1,140,,1072,5,,,1,180,,1073,5,,,1,180,,1074,5,,,1,140,,1075,5,,,1,180,,1076,5,,,1,180,,1077,5,,,1,140,,1078,5,,,1
