30101,'01MF',724,,606,9,,,1,180,,607,9,,,1,140,,608,9,,,1,180,,609,9,,,1,180,,610,9,,,1,140,,611,9,,,1,180,,612,9,,,1,180,,613,9,,,1,145,,614,9,,,1,185,,615,9,,,1
30101,'01SA',719,,616,9,,,1,185,,617,9,,,1,145,,618,9,,,1,185,,619,9,,,1,185,,620,9,,,1,185,,621,9,,,1,145,,622,9,,,1,185,,623,9,,,1,185,,624,9,,,1,185,,625,9,,,1
30101,'01SU',632,,626,7,,,1,187,,627,9,,,1,185,,628,9,,,1,145,,629,9,,,1,185,,630,9,,,1,185,,631,9,,,1,185,,632,9,,,1,145,,633,9,,,1,185,,634,9,,,1,185,,635,9,,,1,185,,636,9,,,1
30101,'02MF',549,,637,9,,,1,185,,638,9,,,1,180,,639,9,,,1,140,,640,9,,,1,180,,641,9,,,1,180,,642,9,,,1,140,,643,9,,,1,180,,644,9,,,1,185,,645,9,,,1,185,,646,9,,,1,145,,647,9,,,1
30101,'02SA',549,,648,9,,,1,185,,649,9,,,1,185,,650,9,,,1,185,,651,9,,,1,145,,652,9,,,1,185,,653,9,,,1,185,,654,9,,,1,185,,655,9,,,1,145,,656,9,,,1,185,,657,9,,,1
30101,'02SU',834,,658,9,,,1,185,,659,9,,,1,185,,660,9,,,1,145,,661,9,,,1,185,,662,9,,,1,185,,663,9,,,1,185,,664,9,,,1,145,,665,9,,,1,185,,666,9,,,1
30101,'03MF',604,,667,9,,,1,140,,668,9,,,1,180,,669,9,,,1,180,,670,9,,,1,140,,671,9,,,1,180,,672,9,,,1,180,,673,9,,,1,140,,674,9,,,1
30101,'03SA',604,,675,9,,,1,145,,676,9,,,1,185,,677,9,,,1,185,,678,9,,,1,185,,679,9,,,1,145,,680,9,,,1,185,,681,9,,,1,185,,682,9,,,1,185,,683,9,,,1,145,,684,9,,,1,185,,685,9,,,1
30101,'03SU',704,,686,9,,,1,145,,687,9,,,1,185,,688,9,,,1,185,,689,9,,,1,185,,690,9,,,1,145,,691,9,,,1,185,,692,9,,,1,185,,693,9,,,1,185,,694,9,,,1,145,,695,9,,,1
30101,'04MF',754,,696,9,,,1,180,,697,9,,,1,180,,698,9,,,1,140,,699,9,,,1,180,,700,9,,,1,180,,701,9,,,1,140,,702,9,,,1,180,,703,9,,,1,185,,704,9,,,1,185,,705,9,,,1
30101,'04SA',619,,706,9,,,1,185,,707,9,,,1,145,,708,9,,,1,185,,709,9,,,1,185,,710,9,,,1,185,,711,9,,,1,145,,712,9,,,1,185,,713,9,,,1,185,,714,9,,,1,185,,715,9,,,1
30101,'04SU',904,,716,9,,,1,145,,717,9,,,1,185,,718,9,,,1,185,,719,9,,,1,185,,720,9,,,1,145,,721,9,,,1,185,,722,9,,,1,185,,723,9,,,1,185,,724,9,,,1
30101,'05MF',619,,725,9,,,1,185,,726,9,,,1,140,,727,9,,,1,180,,728,9,,,1,180,,729,9,,,1,140,,730,9,,,1,180,,731,9,,,1,180,,732,9,,,1,145,,733,9,,,1,185,,734,9,,,1
30101,'05SA',634,,735,9,,,1,185,,736,9,,,1,185,,737,9,,,1,145,,738,9,,,1,185,,739,9,,,1,185,,740,9,,,1,185,,741,9,,,1,145,,742,9,,,1,185,,743,9,,,1,185,,744,9,,,1,185,,745,9,,,1
30101,'05SU',734,,746,9,,,1,185,,747,9,,,1,185,,748,9,,,1,145,,749,9,,,1,185,,750,9,,,1,185,,751,9,,,1,185,,752,9,,,1,145,,753,9,,,1,185,,754,9,,,1
30101,'06MF',634,,755,9,,,1,180,,756,9,,,1,140,,757,9,,,1,180,,758,9,,,1,180,,759,9,,,1,140,,760,9,,,1,180,,761,9,,,1,180,,762,9,,,1
30101,'06SA',649,,763,9,,,1,185,,764,9,,,1,185,,765,9,,,1,185,,766,9,,,1,145,,767,9,,,1,185,,768,9,,,1,185,,769,9,,,1,185,,770,9,,,1,145,,771,9,,,1,185,,772,9,,,1
30101,'06SU',934,,773,9,,,1,185,,774,9,,,1,185,,775,9,,,1,145,,776,9,,,1,185,,777,9,,,1,185,,778,9,,,1,185,,779,9,,,1,145,,780,9,,,1,185,,781,9,,,1
30101,'07MF',501,,782,7,,,1,143,,783,9,,,1,180,,784,9,,,1,180,,785,9,,,1,140,,786,9,,,1,180,,787,9,,,1,180,,788,9,,,1,140,,789,9,,,1,180,,790,9,,,1,180,,791,9,,,1,145,,792,9,,,1,185,,793,9,,,1
30101,'07SA',704,,794,9,,,1,145,,795,9,,,1,185,,796,9,,,1,185,,797,9,,,1,185,,798,9,,,1,145,,799,9,,,1,185,,800,9,,,1,185,,801,9,,,1,185,,802,9,,,1,145,,803,9,,,1
30101,'07SU',804,,804,9,,,1,145,,805,9,,,1,185,,806,9,,,1,185,,807,9,,,1,185,,808,9,,,1,145,,809,9,,,1,185,,810,9,,,1,185,,811,9,,,1,185,,812,9,,,1
30101,'08MF',654,,813,9,,,1,180,,814,9,,,1,180,,815,9,,,1,140,,816,9,,,1,180,,817,9,,,1,180,,818,9,,,1,140,,819,9,,,1,180,,820,9,,,1,185,,821,9,,,1,185,,822,9,,,1
30101,'09MF',704,,823,9,,,1,140,,824,9,,,1,180,,825,9,,,1,180,,826,9,,,1,140,,827,9,,,1,180,,828,9,,,1,180,,829,9,,,1,145,,830,9,,,1,185,,831,9,,,1,185,,832,9,,,1,185,,833,9,,,1
30101,'10MF',534,,834,9,,,1,180,,835,9,,,1,140,,836,9,,,1,180,,837,9,,,1,180,,838,9,,,1,140,,839,9,,,1,180,,840,9,,,1,180,,841,9,,,1
