30100,'01MF',820,,842,10,,,1,180,,843,10,,,1,140,,844,10,,,1,180,,845,10,,,1,180,,846,10,,,1,140,,847,10,,,1,180,,848,10,,,1,180,,849,10,,,1,145,,850,10,,,1,190,,851,10,,,1
30100,'01SA',630,,852,10,,,1,185,,853,10,,,1,185,,854,10,,,1,145,,855,10,,,1,185,,856,10,,,1,185,,857,10,,,1,185,,858,10,,,1,145,,859,10,,,1,185,,860,10,,,1,185,,861,10,,,1,185,,862,10,,,1
30100,'01SU',730,,863,10,,,1,185,,864,10,,,1,185,,865,10,,,1,145,,866,10,,,1,185,,867,10,,,1,185,,868,10,,,1,185,,869,10,,,1,145,,870,10,,,1,185,,871,10,,,1,185,,872,10,,,1,185,,873,10,,,1
30100,'02MF',645,,874,10,,,1,185,,875,10,,,1,180,,876,10,,,1,140,,877,10,,,1,180,,878,10,,,1,180,,879,10,,,1,140,,880,10,,,1,180,,881,10,,,1,185,,882,10,,,1,185,,883,10,,,1,150,,884,10,,,1
30100,'02SA',645,,885,10,,,1,185,,886,10,,,1,185,,887,10,,,1,185,,888,10,,,1,145,,889,10,,,1,185,,890,10,,,1,185,,891,10,,,1,185,,892,10,,,1,145,,893,10,,,1,185,,894,10,,,1
30100,'02SU',930,,895,10,,,1,185,,896,10,,,1,185,,897,10,,,1,145,,898,10,,,1,185,,899,10,,,1,185,,900,10,,,1,185,,901,10,,,1,145,,902,10,,,1,185,,903,10,,,1
30100,'03MF',700,,904,10,,,1,140,,905,10,,,1,180,,906,10,,,1,180,,907,10,,,1,140,,908,10,,,1,180,,909,10,,,1,180,,910,10,,,1,140,,911,10,,,1
30100,'03SA',700,,912,10,,,1,145,,913,10,,,1,185,,914,10,,,1,185,,915,10,,,1,185,,916,10,,,1,145,,917,10,,,1,185,,918,10,,,1,185,,919,10,,,1,185,,920,10,,,1,145,,921,10,,,1,185,,922,10,,,1
30100,'03SU',800,,923,10,,,1,145,,924,10,,,1,185,,925,10,,,1,185,,926,10,,,1,185,,927,10,,,1,145,,928,10,,,1,185,,929,10,,,1,185,,930,10,,,1,185,,931,10,,,1,145,,932,10,,,1
30100,'04MF',850,,933,10,,,1,180,,934,10,,,1,180,,935,10,,,1,140,,936,10,,,1,180,,937,10,,,1,180,,938,10,,,1,140,,939,10,,,1,180,,940,10,,,1,185,,941,10,,,1,190,,942,10,,,1
30100,'04SA',715,,943,10,,,1,185,,944,10,,,1,145,,945,10,,,1,185,,946,10,,,1,185,,947,10,,,1,185,,948,10,,,1,145,,949,10,,,1,185,,950,10,,,1,185,,951,10,,,1,185,,952,10,,,1
30100,'04SU',1000,,953,10,,,1,145,,954,10,,,1,185,,955,10,,,1,185,,956,10,,,1,185,,957,10,,,1,145,,958,10,,,1,185,,959,10,,,1,185,,960,10,,,1,185,,961,10,,,1
30100,'05MF',715,,962,10,,,1,185,,963,10,,,1,140,,964,10,,,1,180,,965,10,,,1,180,,966,10,,,1,140,,967,10,,,1,180,,968,10,,,1,180,,969,10,,,1,145,,970,10,,,1,185,,971,10,,,1
30100,'05SA',730,,972,10,,,1,185,,973,10,,,1,185,,974,10,,,1,145,,975,10,,,1,185,,976,10,,,1,185,,977,10,,,1,185,,978,10,,,1,145,,979,10,,,1,185,,980,10,,,1,185,,981,10,,,1,185,,982,10,,,1
30100,'05SU',830,,983,10,,,1,185,,984,10,,,1,185,,985,10,,,1,145,,986,10,,,1,185,,987,10,,,1,185,,988,10,,,1,185,,989,10,,,1,145,,990,10,,,1,185,,991,10,,,1
30100,'06MF',730,,992,10,,,1,180,,993,10,,,1,140,,994,10,,,1,180,,995,10,,,1,180,,996,10,,,1,140,,997,10,,,1,180,,998,10,,,1,180,,999,10,,,1
30100,'06SA',745,,1000,10,,,1,185,,1001,10,,,1,185,,1002,10,,,1,185,,1003,10,,,1,145,,1004,10,,,1,185,,1005,10,,,1,185,,1006,10,,,1,185,,1007,10,,,1,145,,1008,10,,,1,185,,1009,10,,,1
30100,'06SU',1030,,1010,10,,,1,185,,1011,10,,,1,185,,1012,10,,,1,145,,1013,10,,,1,185,,1014,10,,,1,185,,1015,10,,,1,185,,1016,10,,,1,145,,1017,10,,,1,185,,1018,10,,,1
30100,'07MF',600,,1019,10,,,1,140,,1020,10,,,1,180,,1021,10,,,1,180,,1022,10,,,1,140,,1023,10,,,1,180,,1024,10,,,1,180,,1025,10,,,1,140,,1026,10,,,1,180,,1027,10,,,1,180,,1028,10,,,1,145,,1029,10,,,1,185,,1030,10,,,1
30100,'07SA',800,,1031,10,,,1,145,,1032,10,,,1,185,,1033,10,,,1,185,,1034,10,,,1,185,,1035,10,,,1,145,,1036,10,,,1,185,,1037,10,,,1,185,,1038,10,,,1,185,,1039,10,,,1,145,,1040,10,,,1
30100,'07SU',900,,1041,10,,,1,145,,1042,10,,,1,185,,1043,10,,,1,185,,1044,10,,,1,185,,1045,10,,,1,145,,1046,10,,,1,185,,1047,10,,,1,185,,1048,10,,,1,185,,1049,10,,,1
30100,'08MF',750,,1050,10,,,1,180,,1051,10,,,1,180,,1052,10,,,1,140,,1053,10,,,1,180,,1054,10,,,1,180,,1055,10,,,1,140,,1056,10,,,1,180,,1057,10,,,1,185,,1058,10,,,1,190,,1059,10,,,1
30100,'09MF',800,,1060,10,,,1,140,,1061,10,,,1,180,,1062,10,,,1,180,,1063,10,,,1,140,,1064,10,,,1,180,,1065,10,,,1,180,,1066,10,,,1,145,,1067,10,,,1,185,,1068,10,,,1,190,,1069,10,,,1,180,,1070,10,,,1
30100,'10MF',630,,1071,10,,,1,180,,1072,10,,,1,140,,1073,10,,,1,180,,1074,10,,,1,180,,1075,10,,,1,140,,1076,10,,,1,180,,1077,10,,,1,180,,1078,10,,,1
