30101,'01MF',715,,606,5,,,1,140,,607,5,,,1,180,,608,5,,,1,180,,609,5,,,1,140,,610,5,,,1,180,,611,5,,,1,180,,612,5,,,1,140,,613,5,,,1,185,,614,5,,,1,185,,615,5,,,1
30101,'01SA',710,,616,5,,,1,145,,617,5,,,1,185,,618,5,,,1,185,,619,5,,,1,185,,620,5,,,1,145,,621,5,,,1,185,,622,5,,,1,185,,623,5,,,1,185,,624,5,,,1,145,,625,5,,,1
30101,'01SU',623,,626,3,,,1,187,,627,5,,,1,145,,628,5,,,1,185,,629,5,,,1,185,,630,5,,,1,185,,631,5,,,1,145,,632,5,,,1,185,,633,5,,,1,185,,634,5,,,1,185,,635,5,,,1,145,,636,5,,,1
30101,'02MF',540,,637,5,,,1,185,,638,5,,,1,180,,639,5,,,1,140,,640,5,,,1,180,,641,5,,,1,180,,642,5,,,1,140,,643,5,,,1,180,,644,5,,,1,185,,645,5,,,1,145,,646,5,,,1,185,,647,5,,,1
30101,'02SA',540,,648,5,,,1,185,,649,5,,,1,185,,650,5,,,1,145,,651,5,,,1,185,,652,5,,,1,185,,653,5,,,1,185,,654,5,,,1,145,,655,5,,,1,185,,656,5,,,1,185,,657,5,,,1
30101,'02SU',825,,658,5,,,1,185,,659,5,,,1,145,,660,5,,,1,185,,661,5,,,1,185,,662,5,,,1,185,,663,5,,,1,145,,664,5,,,1,185,,665,5,,,1,185,,666,5,,,1
30101,'03MF',555,,667,5,,,1,180,,668,5,,,1,180,,669,5,,,1,140,,670,5,,,1,180,,671,5,,,1,180,,672,5,,,1,140,,673,5,,,1,180,,674,5,,,1
30101,'03SA',555,,675,5,,,1,185,,676,5,,,1,185,,677,5,,,1,185,,678,5,,,1,145,,679,5,,,1,185,,680,5,,,1,185,,681,5,,,1,185,,682,5,,,1,145,,683,5,,,1,185,,684,5,,,1,185,,685,5,,,1
30101,'03SU',655,,686,5,,,1,185,,687,5,,,1,185,,688,5,,,1,185,,689,5,,,1,145,,690,5,,,1,185,,691,5,,,1,185,,692,5,,,1,185,,693,5,,,1,145,,694,5,,,1,185,,695,5,,,1
30101,'04MF',745,,696,5,,,1,180,,697,5,,,1,180,,698,5,,,1,140,,699,5,,,1,180,,700,5,,,1,180,,701,5,,,1,140,,702,5,,,1,180,,703,5,,,1,185,,704,5,,,1,145,,705,5,,,1
30101,'04SA',610,,706,5,,,1,145,,707,5,,,1,185,,708,5,,,1,185,,709,5,,,1,185,,710,5,,,1,145,,711,5,,,1,185,,712,5,,,1,185,,713,5,,,1,185,,714,5,,,1,145,,715,5,,,1
30101,'04SU',855,,716,5,,,1,185,,717,5,,,1,185,,718,5,,,1,185,,719,5,,,1,145,,720,5,,,1,185,,721,5,,,1,185,,722,5,,,1,185,,723,5,,,1,145,,724,5,,,1
30101,'05MF',610,,725,5,,,1,145,,726,5,,,1,180,,727,5,,,1,180,,728,5,,,1,140,,729,5,,,1,180,,730,5,,,1,180,,731,5,,,1,140,,732,5,,,1,185,,733,5,,,1,185,,734,5,,,1
30101,'05SA',625,,735,5,,,1,185,,736,5,,,1,145,,737,5,,,1,185,,738,5,,,1,185,,739,5,,,1,185,,740,5,,,1,145,,741,5,,,1,185,,742,5,,,1,185,,743,5,,,1,185,,744,5,,,1,145,,745,5,,,1
30101,'05SU',725,,746,5,,,1,185,,747,5,,,1,145,,748,5,,,1,185,,749,5,,,1,185,,750,5,,,1,185,,751,5,,,1,145,,752,5,,,1,185,,753,5,,,1,185,,754,5,,,1
30101,'06MF',625,,755,5,,,1,180,,756,5,,,1,140,,757,5,,,1,180,,758,5,,,1,180,,759,5,,,1,140,,760,5,,,1,180,,761,5,,,1,180,,762,5,,,1
30101,'06SA',640,,763,5,,,1,185,,764,5,,,1,185,,765,5,,,1,145,,766,5,,,1,185,,767,5,,,1,185,,768,5,,,1,185,,769,5,,,1,145,,770,5,,,1,185,,771,5,,,1,185,,772,5,,,1
30101,'06SU',925,,773,5,,,1,185,,774,5,,,1,145,,775,5,,,1,185,,776,5,,,1,185,,777,5,,,1,185,,778,5,,,1,145,,779,5,,,1,185,,780,5,,,1,185,,781,5,,,1
30101,'07MF',452,,782,3,,,1,183,,783,5,,,1,180,,784,5,,,1,140,,785,5,,,1,180,,786,5,,,1,180,,787,5,,,1,140,,788,5,,,1,180,,789,5,,,1,180,,790,5,,,1,140,,791,5,,,1,185,,792,5,,,1,185,,793,5,,,1
30101,'07SA',655,,794,5,,,1,185,,795,5,,,1,185,,796,5,,,1,185,,797,5,,,1,145,,798,5,,,1,185,,799,5,,,1,185,,800,5,,,1,185,,801,5,,,1,145,,802,5,,,1,185,,803,5,,,1
30101,'07SU',755,,804,5,,,1,185,,805,5,,,1,185,,806,5,,,1,185,,807,5,,,1,145,,808,5,,,1,185,,809,5,,,1,185,,810,5,,,1,185,,811,5,,,1,145,,812,5,,,1
30101,'08MF',645,,813,5,,,1,180,,814,5,,,1,180,,815,5,,,1,140,,816,5,,,1,180,,817,5,,,1,180,,818,5,,,1,140,,819,5,,,1,180,,820,5,,,1,185,,821,5,,,1,145,,822,5,,,1
30101,'09MF',655,,823,5,,,1,180,,824,5,,,1,180,,825,5,,,1,140,,826,5,,,1,180,,827,5,,,1,180,,828,5,,,1,140,,829,5,,,1,185,,830,5,,,1,185,,831,5,,,1,185,,832,5,,,1,145,,833,5,,,1
30101,'10MF',525,,834,5,,,1,180,,835,5,,,1,140,,836,5,,,1,180,,837,5,,,1,180,,838,5,,,1,140,,839,5,,,1,180,,840,5,,,1,180,,841,5,,,1
