30101,'01MF',726,,606,10,,,0,180,,607,10,,,0,140,,608,10,,,0,180,,609,10,,,0,180,,610,10,,,0,140,,611,10,,,0,180,,612,10,,,0,180,,613,10,,,0,145,,614,10,,,0,185,,615,10,,,0
30101,'01SA',721,,616,10,,,0,185,,617,10,,,0,145,,618,10,,,0,185,,619,10,,,0,185,,620,10,,,0,185,,621,10,,,0,145,,622,10,,,0,185,,623,10,,,0,185,,624,10,,,0,185,,625,10,,,0
30101,'01SU',634,,626,8,,,0,187,,627,10,,,0,185,,628,10,,,0,145,,629,10,,,0,185,,630,10,,,0,185,,631,10,,,0,185,,632,10,,,0,145,,633,10,,,0,185,,634,10,,,0,185,,635,10,,,0,185,,636,10,,,0
30101,'02MF',551,,637,10,,,0,185,,638,10,,,0,180,,639,10,,,0,140,,640,10,,,0,180,,641,10,,,0,180,,642,10,,,0,140,,643,10,,,0,180,,644,10,,,0,185,,645,10,,,0,185,,646,10,,,0,145,,647,10,,,0
30101,'02SA',551,,648,10,,,0,185,,649,10,,,0,185,,650,10,,,0,185,,651,10,,,0,145,,652,10,,,0,185,,653,10,,,0,185,,654,10,,,0,185,,655,10,,,0,145,,656,10,,,0,185,,657,10,,,0
30101,'02SU',836,,658,10,,,0,185,,659,10,,,0,185,,660,10,,,0,145,,661,10,,,0,185,,662,10,,,0,185,,663,10,,,0,185,,664,10,,,0,145,,665,10,,,0,185,,666,10,,,0
30101,'03MF',606,,667,10,,,0,140,,668,10,,,0,180,,669,10,,,0,180,,670,10,,,0,140,,671,10,,,0,180,,672,10,,,0,180,,673,10,,,0,140,,674,10,,,0
30101,'03SA',606,,675,10,,,0,145,,676,10,,,0,185,,677,10,,,0,185,,678,10,,,0,185,,679,10,,,0,145,,680,10,,,0,185,,681,10,,,0,185,,682,10,,,0,185,,683,10,,,0,145,,684,10,,,0,185,,685,10,,,0
30101,'03SU',706,,686,10,,,0,145,,687,10,,,0,185,,688,10,,,0,185,,689,10,,,0,185,,690,10,,,0,145,,691,10,,,0,185,,692,10,,,0,185,,693,10,,,0,185,,694,10,,,0,145,,695,10,,,0
30101,'04MF',756,,696,10,,,0,180,,697,10,,,0,180,,698,10,,,0,140,,699,10,,,0,180,,700,10,,,0,180,,701,10,,,0,140,,702,10,,,0,180,,703,10,,,0,185,,704,10,,,0,185,,705,10,,,0
30101,'04SA',621,,706,10,,,0,185,,707,10,,,0,145,,708,10,,,0,185,,709,10,,,0,185,,710,10,,,0,185,,711,10,,,0,145,,712,10,,,0,185,,713,10,,,0,185,,714,10,,,0,185,,715,10,,,0
30101,'04SU',906,,716,10,,,0,145,,717,10,,,0,185,,718,10,,,0,185,,719,10,,,0,185,,720,10,,,0,145,,721,10,,,0,185,,722,10,,,0,185,,723,10,,,0,185,,724,10,,,0
30101,'05MF',621,,725,10,,,0,185,,726,10,,,0,140,,727,10,,,0,180,,728,10,,,0,180,,729,10,,,0,140,,730,10,,,0,180,,731,10,,,0,180,,732,10,,,0,145,,733,10,,,0,185,,734,10,,,0
30101,'05SA',636,,735,10,,,0,185,,736,10,,,0,185,,737,10,,,0,145,,738,10,,,0,185,,739,10,,,0,185,,740,10,,,0,185,,741,10,,,0,145,,742,10,,,0,185,,743,10,,,0,185,,744,10,,,0,185,,745,10,,,0
30101,'05SU',736,,746,10,,,0,185,,747,10,,,0,185,,748,10,,,0,145,,749,10,,,0,185,,750,10,,,0,185,,751,10,,,0,185,,752,10,,,0,145,,753,10,,,0,185,,754,10,,,0
30101,'06MF',636,,755,10,,,0,180,,756,10,,,0,140,,757,10,,,0,180,,758,10,,,0,180,,759,10,,,0,140,,760,10,,,0,180,,761,10,,,0,180,,762,10,,,0
30101,'06SA',651,,763,10,,,0,185,,764,10,,,0,185,,765,10,,,0,185,,766,10,,,0,145,,767,10,,,0,185,,768,10,,,0,185,,769,10,,,0,185,,770,10,,,0,145,,771,10,,,0,185,,772,10,,,0
30101,'06SU',936,,773,10,,,0,185,,774,10,,,0,185,,775,10,,,0,145,,776,10,,,0,185,,777,10,,,0,185,,778,10,,,0,185,,779,10,,,0,145,,780,10,,,0,185,,781,10,,,0
30101,'07MF',503,,782,8,,,0,143,,783,10,,,0,180,,784,10,,,0,180,,785,10,,,0,140,,786,10,,,0,180,,787,10,,,0,180,,788,10,,,0,140,,789,10,,,0,180,,790,10,,,0,180,,791,10,,,0,145,,792,10,,,0,185,,793,10,,,0
30101,'07SA',706,,794,10,,,0,145,,795,10,,,0,185,,796,10,,,0,185,,797,10,,,0,185,,798,10,,,0,145,,799,10,,,0,185,,800,10,,,0,185,,801,10,,,0,185,,802,10,,,0,145,,803,10,,,0
30101,'07SU',806,,804,10,,,0,145,,805,10,,,0,185,,806,10,,,0,185,,807,10,,,0,185,,808,10,,,0,145,,809,10,,,0,185,,810,10,,,0,185,,811,10,,,0,185,,812,10,,,0
30101,'08MF',656,,813,10,,,0,180,,814,10,,,0,180,,815,10,,,0,140,,816,10,,,0,180,,817,10,,,0,180,,818,10,,,0,140,,819,10,,,0,180,,820,10,,,0,185,,821,10,,,0,185,,822,10,,,0
30101,'09MF',706,,823,10,,,0,140,,824,10,,,0,180,,825,10,,,0,180,,826,10,,,0,140,,827,10,,,0,180,,828,10,,,0,180,,829,10,,,0,145,,830,10,,,0,185,,831,10,,,0,185,,832,10,,,0,185,,833,10,,,0
30101,'10MF',536,,834,10,,,0,180,,835,10,,,0,140,,836,10,,,0,180,,837,10,,,0,180,,838,10,,,0,140,,839,10,,,0,180,,840,10,,,0,180,,841,10,,,0
