30100,'01MF',754,,842,1,,,0,180,,843,1,,,0,180,,844,1,,,0,140,,845,1,,,0,180,,846,1,,,0,180,,847,1,,,0,140,,848,1,,,0,180,,849,1,,,0,185,,850,1,,,0,190,,851,1,,,0
30100,'01SA',604,,852,1,,,0,145,,853,1,,,0,185,,854,1,,,0,185,,855,1,,,0,185,,856,1,,,0,145,,857,1,,,0,185,,858,1,,,0,185,,859,1,,,0,185,,860,1,,,0,145,,861,1,,,0,185,,862,1,,,0
30100,'01SU',704,,863,1,,,0,145,,864,1,,,0,185,,865,1,,,0,185,,866,1,,,0,185,,867,1,,,0,145,,868,1,,,0,185,,869,1,,,0,185,,870,1,,,0,185,,871,1,,,0,145,,872,1,,,0,185,,873,1,,,0
30100,'02MF',619,,874,1,,,0,185,,875,1,,,0,140,,876,1,,,0,180,,877,1,,,0,180,,878,1,,,0,140,,879,1,,,0,180,,880,1,,,0,180,,881,1,,,0,145,,882,1,,,0,185,,883,1,,,0,190,,884,1,,,0
30100,'02SA',619,,885,1,,,0,185,,886,1,,,0,145,,887,1,,,0,185,,888,1,,,0,185,,889,1,,,0,185,,890,1,,,0,145,,891,1,,,0,185,,892,1,,,0,185,,893,1,,,0,185,,894,1,,,0
30100,'02SU',904,,895,1,,,0,145,,896,1,,,0,185,,897,1,,,0,185,,898,1,,,0,185,,899,1,,,0,145,,900,1,,,0,185,,901,1,,,0,185,,902,1,,,0,185,,903,1,,,0
30100,'03MF',634,,904,1,,,0,180,,905,1,,,0,140,,906,1,,,0,180,,907,1,,,0,180,,908,1,,,0,140,,909,1,,,0,180,,910,1,,,0,180,,911,1,,,0
30100,'03SA',634,,912,1,,,0,185,,913,1,,,0,185,,914,1,,,0,145,,915,1,,,0,185,,916,1,,,0,185,,917,1,,,0,185,,918,1,,,0,145,,919,1,,,0,185,,920,1,,,0,185,,921,1,,,0,185,,922,1,,,0
30100,'03SU',734,,923,1,,,0,185,,924,1,,,0,185,,925,1,,,0,145,,926,1,,,0,185,,927,1,,,0,185,,928,1,,,0,185,,929,1,,,0,145,,930,1,,,0,185,,931,1,,,0,185,,932,1,,,0
30100,'04MF',824,,933,1,,,0,180,,934,1,,,0,140,,935,1,,,0,180,,936,1,,,0,180,,937,1,,,0,140,,938,1,,,0,180,,939,1,,,0,180,,940,1,,,0,145,,941,1,,,0,190,,942,1,,,0
30100,'04SA',649,,943,1,,,0,185,,944,1,,,0,185,,945,1,,,0,185,,946,1,,,0,145,,947,1,,,0,185,,948,1,,,0,185,,949,1,,,0,185,,950,1,,,0,145,,951,1,,,0,185,,952,1,,,0
30100,'04SU',934,,953,1,,,0,185,,954,1,,,0,185,,955,1,,,0,145,,956,1,,,0,185,,957,1,,,0,185,,958,1,,,0,185,,959,1,,,0,145,,960,1,,,0,185,,961,1,,,0
30100,'05MF',649,,962,1,,,0,185,,963,1,,,0,180,,964,1,,,0,140,,965,1,,,0,180,,966,1,,,0,180,,967,1,,,0,140,,968,1,,,0,180,,969,1,,,0,185,,970,1,,,0,185,,971,1,,,0
30100,'05SA',704,,972,1,,,0,145,,973,1,,,0,185,,974,1,,,0,185,,975,1,,,0,185,,976,1,,,0,145,,977,1,,,0,185,,978,1,,,0,185,,979,1,,,0,185,,980,1,,,0,145,,981,1,,,0,185,,982,1,,,0
30100,'05SU',804,,983,1,,,0,145,,984,1,,,0,185,,985,1,,,0,185,,986,1,,,0,185,,987,1,,,0,145,,988,1,,,0,185,,989,1,,,0,185,,990,1,,,0,185,,991,1,,,0
30100,'06MF',704,,992,1,,,0,140,,993,1,,,0,180,,994,1,,,0,180,,995,1,,,0,140,,996,1,,,0,180,,997,1,,,0,180,,998,1,,,0,140,,999,1,,,0
30100,'06SA',719,,1000,1,,,0,185,,1001,1,,,0,145,,1002,1,,,0,185,,1003,1,,,0,185,,1004,1,,,0,185,,1005,1,,,0,145,,1006,1,,,0,185,,1007,1,,,0,185,,1008,1,,,0,185,,1009,1,,,0
30100,'06SU',1004,,1010,1,,,0,145,,1011,1,,,0,185,,1012,1,,,0,185,,1013,1,,,0,185,,1014,1,,,0,145,,1015,1,,,0,185,,1016,1,,,0,185,,1017,1,,,0,185,,1018,1,,,0
30100,'07MF',534,,1019,1,,,0,180,,1020,1,,,0,140,,1021,1,,,0,180,,1022,1,,,0,180,,1023,1,,,0,140,,1024,1,,,0,180,,1025,1,,,0,180,,1026,1,,,0,140,,1027,1,,,0,180,,1028,1,,,0,185,,1029,1,,,0,185,,1030,1,,,0
30100,'07SA',734,,1031,1,,,0,185,,1032,1,,,0,185,,1033,1,,,0,145,,1034,1,,,0,185,,1035,1,,,0,185,,1036,1,,,0,185,,1037,1,,,0,145,,1038,1,,,0,185,,1039,1,,,0,185,,1040,1,,,0
30100,'07SU',834,,1041,1,,,0,185,,1042,1,,,0,185,,1043,1,,,0,145,,1044,1,,,0,185,,1045,1,,,0,185,,1046,1,,,0,185,,1047,1,,,0,145,,1048,1,,,0,185,,1049,1,,,0
30100,'08MF',724,,1050,1,,,0,180,,1051,1,,,0,140,,1052,1,,,0,180,,1053,1,,,0,180,,1054,1,,,0,140,,1055,1,,,0,180,,1056,1,,,0,180,,1057,1,,,0,145,,1058,1,,,0,190,,1059,1,,,0
30100,'09MF',734,,1060,1,,,0,180,,1061,1,,,0,140,,1062,1,,,0,180,,1063,1,,,0,180,,1064,1,,,0,140,,1065,1,,,0,180,,1066,1,,,0,185,,1067,1,,,0,185,,1068,1,,,0,150,,1069,1,,,0,180,,1070,1,,,0
30100,'10MF',604,,1071,1,,,0,140,,1072,1,,,0,180,,1073,1,,,0,180,,1074,1,,,0,140,,1075,1,,,0,180,,1076,1,,,0,180,,1077,1,,,0,140,,1078,1,,,0
