30100,6001,1,0,0
30100,6002,2,0,0
30100,6003,3,0,0
30100,6004,4,0,0
30100,6005,5,0,0
30100,6006,6,0,0
30100,6007,7,0,0
30100,6008,8,0,0
30100,6009,9,0,0
30100,6010,10,0,0
30100,6011,11,0,0
30100,6012,12,0,0
30100,6013,13,0,0
30100,6014,14,0,0
30100,6015,15,0,0
30100,6016,16,1,1
30101,6108,1,0,0
30101,6109,2,0,0
30101,6110,3,0,0
30101,6111,4,0,0
30101,6112,5,0,0
30101,6113,6,0,0
30101,6114,7,0,0
30101,6115,8,0,0
30101,6116,9,0,0
30101,6117,10,0,0
30101,6118,11,0,0
30101,6119,12,0,0
30101,6120,13,0,0
30101,6121,14,0,0
30101,6122,15,0,0
30101,6123,16,1,1
