30100,'01MF',823,,842,11,,,1,180,,843,11,,,1,140,,844,11,,,1,180,,845,11,,,1,180,,846,11,,,1,140,,847,11,,,1,180,,848,11,,,1,180,,849,11,,,1,145,,850,11,,,1,190,,851,11,,,1
30100,'01SA',633,,852,11,,,1,185,,853,11,,,1,185,,854,11,,,1,145,,855,11,,,1,185,,856,11,,,1,185,,857,11,,,1,185,,858,11,,,1,145,,859,11,,,1,185,,860,11,,,1,185,,861,11,,,1,185,,862,11,,,1
30100,'01SU',733,,863,11,,,1,185,,864,11,,,1,185,,865,11,,,1,145,,866,11,,,1,185,,867,11,,,1,185,,868,11,,,1,185,,869,11,,,1,145,,870,11,,,1,185,,871,11,,,1,185,,872,11,,,1,185,,873,11,,,1
30100,'02MF',648,,874,11,,,1,185,,875,11,,,1,180,,876,11,,,1,140,,877,11,,,1,180,,878,11,,,1,180,,879,11,,,1,140,,880,11,,,1,180,,881,11,,,1,185,,882,11,,,1,185,,883,11,,,1,150,,884,11,,,1
30100,'02SA',648,,885,11,,,1,185,,886,11,,,1,185,,887,11,,,1,185,,888,11,,,1,145,,889,11,,,1,185,,890,11,,,1,185,,891,11,,,1,185,,892,11,,,1,145,,893,11,,,1,185,,894,11,,,1
30100,'02SU',933,,895,11,,,1,185,,896,11,,,1,185,,897,11,,,1,145,,898,11,,,1,185,,899,11,,,1,185,,900,11,,,1,185,,901,11,,,1,145,,902,11,,,1,185,,903,11,,,1
30100,'03MF',703,,904,11,,,1,140,,905,11,,,1,180,,906,11,,,1,180,,907,11,,,1,140,,908,11,,,1,180,,909,11,,,1,180,,910,11,,,1,140,,911,11,,,1
30100,'03SA',703,,912,11,,,1,145,,913,11,,,1,185,,914,11,,,1,185,,915,11,,,1,185,,916,11,,,1,145,,917,11,,,1,185,,918,11,,,1,185,,919,11,,,1,185,,920,11,,,1,145,,921,11,,,1,185,,922,11,,,1
30100,'03SU',803,,923,11,,,1,145,,924,11,,,1,185,,925,11,,,1,185,,926,11,,,1,185,,927,11,,,1,145,,928,11,,,1,185,,929,11,,,1,185,,930,11,,,1,185,,931,11,,,1,145,,932,11,,,1
30100,'04MF',853,,933,11,,,1,180,,934,11,,,1,180,,935,11,,,1,140,,936,11,,,1,180,,937,11,,,1,180,,938,11,,,1,140,,939,11,,,1,180,,940,11,,,1,185,,941,11,,,1,190,,942,11,,,1
30100,'04SA',718,,943,11,,,1,185,,944,11,,,1,145,,945,11,,,1,185,,946,11,,,1,185,,947,11,,,1,185,,948,11,,,1,145,,949,11,,,1,185,,950,11,,,1,185,,951,11,,,1,185,,952,11,,,1
30100,'04SU',1003,,953,11,,,1,145,,954,11,,,1,185,,955,11,,,1,185,,956,11,,,1,185,,957,11,,,1,145,,958,11,,,1,185,,959,11,,,1,185,,960,11,,,1,185,,961,11,,,1
30100,'05MF',718,,962,11,,,1,185,,963,11,,,1,140,,964,11,,,1,180,,965,11,,,1,180,,966,11,,,1,140,,967,11,,,1,180,,968,11,,,1,180,,969,11,,,1,145,,970,11,,,1,185,,971,11,,,1
30100,'05SA',733,,972,11,,,1,185,,973,11,,,1,185,,974,11,,,1,145,,975,11,,,1,185,,976,11,,,1,185,,977,11,,,1,185,,978,11,,,1,145,,979,11,,,1,185,,980,11,,,1,185,,981,11,,,1,185,,982,11,,,1
30100,'05SU',833,,983,11,,,1,185,,984,11,,,1,185,,985,11,,,1,145,,986,11,,,1,185,,987,11,,,1,185,,988,11,,,1,185,,989,11,,,1,145,,990,11,,,1,185,,991,11,,,1
30100,'06MF',733,,992,11,,,1,180,,993,11,,,1,140,,994,11,,,1,180,,995,11,,,1,180,,996,11,,,1,140,,997,11,,,1,180,,998,11,,,1,180,,999,11,,,1
30100,'06SA',748,,1000,11,,,1,185,,1001,11,,,1,185,,1002,11,,,1,185,,1003,11,,,1,145,,1004,11,,,1,185,,1005,11,,,1,185,,1006,11,,,1,185,,1007,11,,,1,145,,1008,11,,,1,185,,1009,11,,,1
30100,'06SU',1033,,1010,11,,,1,185,,1011,11,,,1,185,,1012,11,,,1,145,,1013,11,,,1,185,,1014,11,,,1,185,,1015,11,,,1,185,,1016,11,,,1,145,,1017,11,,,1,185,,1018,11,,,1
30100,'07MF',603,,1019,11,,,1,140,,1020,11,,,1,180,,1021,11,,,1,180,,1022,11,,,1,140,,1023,11,,,1,180,,1024,11,,,1,180,,1025,11,,,1,140,,1026,11,,,1,180,,1027,11,,,1,180,,1028,11,,,1,145,,1029,11,,,1,185,,1030,11,,,1
30100,'07SA',803,,1031,11,,,1,145,,1032,11,,,1,185,,1033,11,,,1,185,,1034,11,,,1,185,,1035,11,,,1,145,,1036,11,,,1,185,,1037,11,,,1,185,,1038,11,,,1,185,,1039,11,,,1,145,,1040,11,,,1
30100,'07SU',903,,1041,11,,,1,145,,1042,11,,,1,185,,1043,11,,,1,185,,1044,11,,,1,185,,1045,11,,,1,145,,1046,11,,,1,185,,1047,11,,,1,185,,1048,11,,,1,185,,1049,11,,,1
30100,'08MF',753,,1050,11,,,1,180,,1051,11,,,1,180,,1052,11,,,1,140,,1053,11,,,1,180,,1054,11,,,1,180,,1055,11,,,1,140,,1056,11,,,1,180,,1057,11,,,1,185,,1058,11,,,1,190,,1059,11,,,1
30100,'09MF',803,,1060,11,,,1,140,,1061,11,,,1,180,,1062,11,,,1,180,,1063,11,,,1,140,,1064,11,,,1,180,,1065,11,,,1,180,,1066,11,,,1,145,,1067,11,,,1,185,,1068,11,,,1,190,,1069,11,,,1,180,,1070,11,,,1
30100,'10MF',633,,1071,11,,,1,180,,1072,11,,,1,140,,1073,11,,,1,180,,1074,11,,,1,180,,1075,11,,,1,140,,1076,11,,,1,180,,1077,11,,,1,180,,1078,11,,,1
