30100,'01MF',803,,842,3,,,1,140,,843,3,,,1,180,,844,3,,,1,180,,845,3,,,1,140,,846,3,,,1,180,,847,3,,,1,180,,848,3,,,1,140,,849,3,,,1,185,,850,3,,,1,190,,851,3,,,1
30100,'01SA',613,,852,3,,,1,145,,853,3,,,1,185,,854,3,,,1,185,,855,3,,,1,185,,856,3,,,1,145,,857,3,,,1,185,,858,3,,,1,185,,859,3,,,1,185,,860,3,,,1,145,,861,3,,,1,185,,862,3,,,1
30100,'01SU',713,,863,3,,,1,145,,864,3,,,1,185,,865,3,,,1,185,,866,3,,,1,185,,867,3,,,1,145,,868,3,,,1,185,,869,3,,,1,185,,870,3,,,1,185,,871,3,,,1,145,,872,3,,,1,185,,873,3,,,1
30100,'02MF',628,,874,3,,,1,185,,875,3,,,1,140,,876,3,,,1,180,,877,3,,,1,180,,878,3,,,1,140,,879,3,,,1,180,,880,3,,,1,180,,881,3,,,1,145,,882,3,,,1,185,,883,3,,,1,190,,884,3,,,1
30100,'02SA',628,,885,3,,,1,185,,886,3,,,1,145,,887,3,,,1,185,,888,3,,,1,185,,889,3,,,1,185,,890,3,,,1,145,,891,3,,,1,185,,892,3,,,1,185,,893,3,,,1,185,,894,3,,,1
30100,'02SU',913,,895,3,,,1,145,,896,3,,,1,185,,897,3,,,1,185,,898,3,,,1,185,,899,3,,,1,145,,900,3,,,1,185,,901,3,,,1,185,,902,3,,,1,185,,903,3,,,1
30100,'03MF',643,,904,3,,,1,180,,905,3,,,1,180,,906,3,,,1,140,,907,3,,,1,180,,908,3,,,1,180,,909,3,,,1,140,,910,3,,,1,180,,911,3,,,1
30100,'03SA',643,,912,3,,,1,185,,913,3,,,1,185,,914,3,,,1,145,,915,3,,,1,185,,916,3,,,1,185,,917,3,,,1,185,,918,3,,,1,145,,919,3,,,1,185,,920,3,,,1,185,,921,3,,,1,185,,922,3,,,1
30100,'03SU',743,,923,3,,,1,185,,924,3,,,1,185,,925,3,,,1,145,,926,3,,,1,185,,927,3,,,1,185,,928,3,,,1,185,,929,3,,,1,145,,930,3,,,1,185,,931,3,,,1,185,,932,3,,,1
30100,'04MF',833,,933,3,,,1,180,,934,3,,,1,140,,935,3,,,1,180,,936,3,,,1,180,,937,3,,,1,140,,938,3,,,1,180,,939,3,,,1,180,,940,3,,,1,145,,941,3,,,1,190,,942,3,,,1
30100,'04SA',658,,943,3,,,1,185,,944,3,,,1,185,,945,3,,,1,185,,946,3,,,1,145,,947,3,,,1,185,,948,3,,,1,185,,949,3,,,1,185,,950,3,,,1,145,,951,3,,,1,185,,952,3,,,1
30100,'04SU',943,,953,3,,,1,185,,954,3,,,1,185,,955,3,,,1,145,,956,3,,,1,185,,957,3,,,1,185,,958,3,,,1,185,,959,3,,,1,145,,960,3,,,1,185,,961,3,,,1
30100,'05MF',658,,962,3,,,1,185,,963,3,,,1,180,,964,3,,,1,180,,965,3,,,1,140,,966,3,,,1,180,,967,3,,,1,180,,968,3,,,1,140,,969,3,,,1,185,,970,3,,,1,185,,971,3,,,1
30100,'05SA',713,,972,3,,,1,145,,973,3,,,1,185,,974,3,,,1,185,,975,3,,,1,185,,976,3,,,1,145,,977,3,,,1,185,,978,3,,,1,185,,979,3,,,1,185,,980,3,,,1,145,,981,3,,,1,185,,982,3,,,1
30100,'05SU',813,,983,3,,,1,145,,984,3,,,1,185,,985,3,,,1,185,,986,3,,,1,185,,987,3,,,1,145,,988,3,,,1,185,,989,3,,,1,185,,990,3,,,1,185,,991,3,,,1
30100,'06MF',713,,992,3,,,1,140,,993,3,,,1,180,,994,3,,,1,180,,995,3,,,1,140,,996,3,,,1,180,,997,3,,,1,180,,998,3,,,1,140,,999,3,,,1
30100,'06SA',728,,1000,3,,,1,185,,1001,3,,,1,145,,1002,3,,,1,185,,1003,3,,,1,185,,1004,3,,,1,185,,1005,3,,,1,145,,1006,3,,,1,185,,1007,3,,,1,185,,1008,3,,,1,185,,1009,3,,,1
30100,'06SU',1013,,1010,3,,,1,145,,1011,3,,,1,185,,1012,3,,,1,185,,1013,3,,,1,185,,1014,3,,,1,145,,1015,3,,,1,185,,1016,3,,,1,185,,1017,3,,,1,185,,1018,3,,,1
30100,'07MF',543,,1019,3,,,1,180,,1020,3,,,1,180,,1021,3,,,1,140,,1022,3,,,1,180,,1023,3,,,1,180,,1024,3,,,1,140,,1025,3,,,1,180,,1026,3,,,1,180,,1027,3,,,1,140,,1028,3,,,1,185,,1029,3,,,1,185,,1030,3,,,1
30100,'07SA',743,,1031,3,,,1,185,,1032,3,,,1,185,,1033,3,,,1,145,,1034,3,,,1,185,,1035,3,,,1,185,,1036,3,,,1,185,,1037,3,,,1,145,,1038,3,,,1,185,,1039,3,,,1,185,,1040,3,,,1
30100,'07SU',843,,1041,3,,,1,185,,1042,3,,,1,185,,1043,3,,,1,145,,1044,3,,,1,185,,1045,3,,,1,185,,1046,3,,,1,185,,1047,3,,,1,145,,1048,3,,,1,185,,1049,3,,,1
30100,'08MF',733,,1050,3,,,1,180,,1051,3,,,1,140,,1052,3,,,1,180,,1053,3,,,1,180,,1054,3,,,1,140,,1055,3,,,1,180,,1056,3,,,1,180,,1057,3,,,1,145,,1058,3,,,1,190,,1059,3,,,1
30100,'09MF',743,,1060,3,,,1,180,,1061,3,,,1,180,,1062,3,,,1,140,,1063,3,,,1,180,,1064,3,,,1,180,,1065,3,,,1,140,,1066,3,,,1,185,,1067,3,,,1,185,,1068,3,,,1,190,,1069,3,,,1,140,,1070,3,,,1
30100,'10MF',613,,1071,3,,,1,140,,1072,3,,,1,180,,1073,3,,,1,180,,1074,3,,,1,140,,1075,3,,,1,180,,1076,3,,,1,180,,1077,3,,,1,140,,1078,3,,,1
