30100,'01MF',711,,606,4,,,0,140,,607,4,,,0,180,,608,4,,,0,180,,609,4,,,0,140,,610,4,,,0,180,,611,4,,,0,180,,612,4,,,0,140,,613,4,,,0,185,,614,4,,,0,185,,615,4,,,0
30100,'01SA',706,,616,4,,,0,145,,617,4,,,0,185,,618,4,,,0,185,,619,4,,,0,185,,620,4,,,0,145,,621,4,,,0,185,,622,4,,,0,185,,623,4,,,0,185,,624,4,,,0,145,,625,4,,,0
30100,'01SU',619,,626,2,,,0,187,,627,4,,,0,145,,628,4,,,0,185,,629,4,,,0,185,,630,4,,,0,185,,631,4,,,0,145,,632,4,,,0,185,,633,4,,,0,185,,634,4,,,0,185,,635,4,,,0,145,,636,4,,,0
30100,'02MF',536,,637,4,,,0,185,,638,4,,,0,180,,639,4,,,0,140,,640,4,,,0,180,,641,4,,,0,180,,642,4,,,0,140,,643,4,,,0,180,,644,4,,,0,185,,645,4,,,0,145,,646,4,,,0,185,,647,4,,,0
30100,'02SA',536,,648,4,,,0,185,,649,4,,,0,185,,650,4,,,0,145,,651,4,,,0,185,,652,4,,,0,185,,653,4,,,0,185,,654,4,,,0,145,,655,4,,,0,185,,656,4,,,0,185,,657,4,,,0
30100,'02SU',821,,658,4,,,0,185,,659,4,,,0,145,,660,4,,,0,185,,661,4,,,0,185,,662,4,,,0,185,,663,4,,,0,145,,664,4,,,0,185,,665,4,,,0,185,,666,4,,,0
30100,'03MF',551,,667,4,,,0,180,,668,4,,,0,180,,669,4,,,0,140,,670,4,,,0,180,,671,4,,,0,180,,672,4,,,0,140,,673,4,,,0,180,,674,4,,,0
30100,'03SA',551,,675,4,,,0,185,,676,4,,,0,185,,677,4,,,0,185,,678,4,,,0,145,,679,4,,,0,185,,680,4,,,0,185,,681,4,,,0,185,,682,4,,,0,145,,683,4,,,0,185,,684,4,,,0,185,,685,4,,,0
30100,'03SU',651,,686,4,,,0,185,,687,4,,,0,185,,688,4,,,0,185,,689,4,,,0,145,,690,4,,,0,185,,691,4,,,0,185,,692,4,,,0,185,,693,4,,,0,145,,694,4,,,0,185,,695,4,,,0
30100,'04MF',741,,696,4,,,0,180,,697,4,,,0,180,,698,4,,,0,140,,699,4,,,0,180,,700,4,,,0,180,,701,4,,,0,140,,702,4,,,0,180,,703,4,,,0,185,,704,4,,,0,145,,705,4,,,0
30100,'04SA',606,,706,4,,,0,145,,707,4,,,0,185,,708,4,,,0,185,,709,4,,,0,185,,710,4,,,0,145,,711,4,,,0,185,,712,4,,,0,185,,713,4,,,0,185,,714,4,,,0,145,,715,4,,,0
30100,'04SU',851,,716,4,,,0,185,,717,4,,,0,185,,718,4,,,0,185,,719,4,,,0,145,,720,4,,,0,185,,721,4,,,0,185,,722,4,,,0,185,,723,4,,,0,145,,724,4,,,0
30100,'05MF',606,,725,4,,,0,145,,726,4,,,0,180,,727,4,,,0,180,,728,4,,,0,140,,729,4,,,0,180,,730,4,,,0,180,,731,4,,,0,140,,732,4,,,0,185,,733,4,,,0,185,,734,4,,,0
30100,'05SA',621,,735,4,,,0,185,,736,4,,,0,145,,737,4,,,0,185,,738,4,,,0,185,,739,4,,,0,185,,740,4,,,0,145,,741,4,,,0,185,,742,4,,,0,185,,743,4,,,0,185,,744,4,,,0,145,,745,4,,,0
30100,'05SU',721,,746,4,,,0,185,,747,4,,,0,145,,748,4,,,0,185,,749,4,,,0,185,,750,4,,,0,185,,751,4,,,0,145,,752,4,,,0,185,,753,4,,,0,185,,754,4,,,0
30100,'06MF',621,,755,4,,,0,180,,756,4,,,0,140,,757,4,,,0,180,,758,4,,,0,180,,759,4,,,0,140,,760,4,,,0,180,,761,4,,,0,180,,762,4,,,0
30100,'06SA',636,,763,4,,,0,185,,764,4,,,0,185,,765,4,,,0,145,,766,4,,,0,185,,767,4,,,0,185,,768,4,,,0,185,,769,4,,,0,145,,770,4,,,0,185,,771,4,,,0,185,,772,4,,,0
30100,'06SU',921,,773,4,,,0,185,,774,4,,,0,145,,775,4,,,0,185,,776,4,,,0,185,,777,4,,,0,185,,778,4,,,0,145,,779,4,,,0,185,,780,4,,,0,185,,781,4,,,0
30100,'07MF',448,,782,2,,,0,183,,783,4,,,0,180,,784,4,,,0,140,,785,4,,,0,180,,786,4,,,0,180,,787,4,,,0,140,,788,4,,,0,180,,789,4,,,0,180,,790,4,,,0,140,,791,4,,,0,185,,792,4,,,0,185,,793,4,,,0
30100,'07SA',651,,794,4,,,0,185,,795,4,,,0,185,,796,4,,,0,185,,797,4,,,0,145,,798,4,,,0,185,,799,4,,,0,185,,800,4,,,0,185,,801,4,,,0,145,,802,4,,,0,185,,803,4,,,0
30100,'07SU',751,,804,4,,,0,185,,805,4,,,0,185,,806,4,,,0,185,,807,4,,,0,145,,808,4,,,0,185,,809,4,,,0,185,,810,4,,,0,185,,811,4,,,0,145,,812,4,,,0
30100,'08MF',641,,813,4,,,0,180,,814,4,,,0,180,,815,4,,,0,140,,816,4,,,0,180,,817,4,,,0,180,,818,4,,,0,140,,819,4,,,0,180,,820,4,,,0,185,,821,4,,,0,145,,822,4,,,0
30100,'09MF',651,,823,4,,,0,180,,824,4,,,0,180,,825,4,,,0,140,,826,4,,,0,180,,827,4,,,0,180,,828,4,,,0,140,,829,4,,,0,185,,830,4,,,0,185,,831,4,,,0,185,,832,4,,,0,145,,833,4,,,0
30100,'10MF',521,,834,4,,,0,180,,835,4,,,0,140,,836,4,,,0,180,,837,4,,,0,180,,838,4,,,0,140,,839,4,,,0,180,,840,4,,,0,180,,841,4,,,0
