30100,'01MF',759,,842,2,,,1,180,,843,2,,,1,180,,844,2,,,1,140,,845,2,,,1,180,,846,2,,,1,180,,847,2,,,1,140,,848,2,,,1,180,,849,2,,,1,185,,850,2,,,1,190,,851,2,,,1
30100,'01SA',609,,852,2,,,1,145,,853,2,,,1,185,,854,2,,,1,185,,855,2,,,1,185,,856,2,,,1,145,,857,2,,,1,185,,858,2,,,1,185,,859,2,,,1,185,,860,2,,,1,145,,861,2,,,1,185,,862,2,,,1
30100,'01SU',709,,863,2,,,1,145,,864,2,,,1,185,,865,2,,,1,185,,866,2,,,1,185,,867,2,,,1,145,,868,2,,,1,185,,869,2,,,1,185,,870,2,,,1,185,,871,2,,,1,145,,872,2,,,1,185,,873,2,,,1
30100,'02MF',624,,874,2,,,1,185,,875,2,,,1,140,,876,2,,,1,180,,877,2,,,1,180,,878,2,,,1,140,,879,2,,,1,180,,880,2,,,1,180,,881,2,,,1,145,,882,2,,,1,185,,883,2,,,1,190,,884,2,,,1
30100,'02SA',624,,885,2,,,1,185,,886,2,,,1,145,,887,2,,,1,185,,888,2,,,1,185,,889,2,,,1,185,,890,2,,,1,145,,891,2,,,1,185,,892,2,,,1,185,,893,2,,,1,185,,894,2,,,1
30100,'02SU',909,,895,2,,,1,145,,896,2,,,1,185,,897,2,,,1,185,,898,2,,,1,185,,899,2,,,1,145,,900,2,,,1,185,,901,2,,,1,185,,902,2,,,1,185,,903,2,,,1
30100,'03MF',639,,904,2,,,1,180,,905,2,,,1,140,,906,2,,,1,180,,907,2,,,1,180,,908,2,,,1,140,,909,2,,,1,180,,910,2,,,1,180,,911,2,,,1
30100,'03SA',639,,912,2,,,1,185,,913,2,,,1,185,,914,2,,,1,145,,915,2,,,1,185,,916,2,,,1,185,,917,2,,,1,185,,918,2,,,1,145,,919,2,,,1,185,,920,2,,,1,185,,921,2,,,1,185,,922,2,,,1
30100,'03SU',739,,923,2,,,1,185,,924,2,,,1,185,,925,2,,,1,145,,926,2,,,1,185,,927,2,,,1,185,,928,2,,,1,185,,929,2,,,1,145,,930,2,,,1,185,,931,2,,,1,185,,932,2,,,1
30100,'04MF',829,,933,2,,,1,180,,934,2,,,1,140,,935,2,,,1,180,,936,2,,,1,180,,937,2,,,1,140,,938,2,,,1,180,,939,2,,,1,180,,940,2,,,1,145,,941,2,,,1,190,,942,2,,,1
30100,'04SA',654,,943,2,,,1,185,,944,2,,,1,185,,945,2,,,1,185,,946,2,,,1,145,,947,2,,,1,185,,948,2,,,1,185,,949,2,,,1,185,,950,2,,,1,145,,951,2,,,1,185,,952,2,,,1
30100,'04SU',939,,953,2,,,1,185,,954,2,,,1,185,,955,2,,,1,145,,956,2,,,1,185,,957,2,,,1,185,,958,2,,,1,185,,959,2,,,1,145,,960,2,,,1,185,,961,2,,,1
30100,'05MF',654,,962,2,,,1,185,,963,2,,,1,180,,964,2,,,1,140,,965,2,,,1,180,,966,2,,,1,180,,967,2,,,1,140,,968,2,,,1,180,,969,2,,,1,185,,970,2,,,1,185,,971,2,,,1
30100,'05SA',709,,972,2,,,1,145,,973,2,,,1,185,,974,2,,,1,185,,975,2,,,1,185,,976,2,,,1,145,,977,2,,,1,185,,978,2,,,1,185,,979,2,,,1,185,,980,2,,,1,145,,981,2,,,1,185,,982,2,,,1
30100,'05SU',809,,983,2,,,1,145,,984,2,,,1,185,,985,2,,,1,185,,986,2,,,1,185,,987,2,,,1,145,,988,2,,,1,185,,989,2,,,1,185,,990,2,,,1,185,,991,2,,,1
30100,'06MF',709,,992,2,,,1,140,,993,2,,,1,180,,994,2,,,1,180,,995,2,,,1,140,,996,2,,,1,180,,997,2,,,1,180,,998,2,,,1,140,,999,2,,,1
30100,'06SA',724,,1000,2,,,1,185,,1001,2,,,1,145,,1002,2,,,1,185,,1003,2,,,1,185,,1004,2,,,1,185,,1005,2,,,1,145,,1006,2,,,1,185,,1007,2,,,1,185,,1008,2,,,1,185,,1009,2,,,1
30100,'06SU',1009,,1010,2,,,1,145,,1011,2,,,1,185,,1012,2,,,1,185,,1013,2,,,1,185,,1014,2,,,1,145,,1015,2,,,1,185,,1016,2,,,1,185,,1017,2,,,1,185,,1018,2,,,1
30100,'07MF',539,,1019,2,,,1,180,,1020,2,,,1,140,,1021,2,,,1,180,,1022,2,,,1,180,,1023,2,,,1,140,,1024,2,,,1,180,,1025,2,,,1,180,,1026,2,,,1,140,,1027,2,,,1,180,,1028,2,,,1,185,,1029,2,,,1,185,,1030,2,,,1
30100,'07SA',739,,1031,2,,,1,185,,1032,2,,,1,185,,1033,2,,,1,145,,1034,2,,,1,185,,1035,2,,,1,185,,1036,2,,,1,185,,1037,2,,,1,145,,1038,2,,,1,185,,1039,2,,,1,185,,1040,2,,,1
30100,'07SU',839,,1041,2,,,1,185,,1042,2,,,1,185,,1043,2,,,1,145,,1044,2,,,1,185,,1045,2,,,1,185,,1046,2,,,1,185,,1047,2,,,1,145,,1048,2,,,1,185,,1049,2,,,1
30100,'08MF',729,,1050,2,,,1,180,,1051,2,,,1,140,,1052,2,,,1,180,,1053,2,,,1,180,,1054,2,,,1,140,,1055,2,,,1,180,,1056,2,,,1,180,,1057,2,,,1,145,,1058,2,,,1,190,,1059,2,,,1
30100,'09MF',739,,1060,2,,,1,180,,1061,2,,,1,140,,1062,2,,,1,180,,1063,2,,,1,180,,1064,2,,,1,140,,1065,2,,,1,180,,1066,2,,,1,185,,1067,2,,,1,185,,1068,2,,,1,150,,1069,2,,,1,180,,1070,2,,,1
30100,'10MF',609,,1071,2,,,1,140,,1072,2,,,1,180,,1073,2,,,1,180,,1074,2,,,1,140,,1075,2,,,1,180,,1076,2,,,1,180,,1077,2,,,1,140,,1078,2,,,1
