30100,'01MF',825,,842,12,,,1,180,,843,12,,,1,140,,844,12,,,1,180,,845,12,,,1,180,,846,12,,,1,140,,847,12,,,1,180,,848,12,,,1,180,,849,12,,,1,145,,850,12,,,1,190,,851,12,,,1
30100,'01SA',635,,852,12,,,1,185,,853,12,,,1,185,,854,12,,,1,145,,855,12,,,1,185,,856,12,,,1,185,,857,12,,,1,185,,858,12,,,1,145,,859,12,,,1,185,,860,12,,,1,185,,861,12,,,1,185,,862,12,,,1
30100,'01SU',735,,863,12,,,1,185,,864,12,,,1,185,,865,12,,,1,145,,866,12,,,1,185,,867,12,,,1,185,,868,12,,,1,185,,869,12,,,1,145,,870,12,,,1,185,,871,12,,,1,185,,872,12,,,1,185,,873,12,,,1
30100,'02MF',650,,874,12,,,1,185,,875,12,,,1,180,,876,12,,,1,140,,877,12,,,1,180,,878,12,,,1,180,,879,12,,,1,140,,880,12,,,1,180,,881,12,,,1,185,,882,12,,,1,185,,883,12,,,1,150,,884,12,,,1
30100,'02SA',650,,885,12,,,1,185,,886,12,,,1,185,,887,12,,,1,185,,888,12,,,1,145,,889,12,,,1,185,,890,12,,,1,185,,891,12,,,1,185,,892,12,,,1,145,,893,12,,,1,185,,894,12,,,1
30100,'02SU',935,,895,12,,,1,185,,896,12,,,1,185,,897,12,,,1,145,,898,12,,,1,185,,899,12,,,1,185,,900,12,,,1,185,,901,12,,,1,145,,902,12,,,1,185,,903,12,,,1
30100,'03MF',705,,904,12,,,1,140,,905,12,,,1,180,,906,12,,,1,180,,907,12,,,1,140,,908,12,,,1,180,,909,12,,,1,180,,910,12,,,1,140,,911,12,,,1
30100,'03SA',705,,912,12,,,1,145,,913,12,,,1,185,,914,12,,,1,185,,915,12,,,1,185,,916,12,,,1,145,,917,12,,,1,185,,918,12,,,1,185,,919,12,,,1,185,,920,12,,,1,145,,921,12,,,1,185,,922,12,,,1
30100,'03SU',805,,923,12,,,1,145,,924,12,,,1,185,,925,12,,,1,185,,926,12,,,1,185,,927,12,,,1,145,,928,12,,,1,185,,929,12,,,1,185,,930,12,,,1,185,,931,12,,,1,145,,932,12,,,1
30100,'04MF',855,,933,12,,,1,180,,934,12,,,1,180,,935,12,,,1,140,,936,12,,,1,180,,937,12,,,1,180,,938,12,,,1,140,,939,12,,,1,180,,940,12,,,1,185,,941,12,,,1,190,,942,12,,,1
30100,'04SA',720,,943,12,,,1,185,,944,12,,,1,145,,945,12,,,1,185,,946,12,,,1,185,,947,12,,,1,185,,948,12,,,1,145,,949,12,,,1,185,,950,12,,,1,185,,951,12,,,1,185,,952,12,,,1
30100,'04SU',1005,,953,12,,,1,145,,954,12,,,1,185,,955,12,,,1,185,,956,12,,,1,185,,957,12,,,1,145,,958,12,,,1,185,,959,12,,,1,185,,960,12,,,1,185,,961,12,,,1
30100,'05MF',720,,962,12,,,1,185,,963,12,,,1,140,,964,12,,,1,180,,965,12,,,1,180,,966,12,,,1,140,,967,12,,,1,180,,968,12,,,1,180,,969,12,,,1,145,,970,12,,,1,185,,971,12,,,1
30100,'05SA',735,,972,12,,,1,185,,973,12,,,1,185,,974,12,,,1,145,,975,12,,,1,185,,976,12,,,1,185,,977,12,,,1,185,,978,12,,,1,145,,979,12,,,1,185,,980,12,,,1,185,,981,12,,,1,185,,982,12,,,1
30100,'05SU',835,,983,12,,,1,185,,984,12,,,1,185,,985,12,,,1,145,,986,12,,,1,185,,987,12,,,1,185,,988,12,,,1,185,,989,12,,,1,145,,990,12,,,1,185,,991,12,,,1
30100,'06MF',735,,992,12,,,1,180,,993,12,,,1,140,,994,12,,,1,180,,995,12,,,1,180,,996,12,,,1,140,,997,12,,,1,180,,998,12,,,1,180,,999,12,,,1
30100,'06SA',750,,1000,12,,,1,185,,1001,12,,,1,185,,1002,12,,,1,185,,1003,12,,,1,145,,1004,12,,,1,185,,1005,12,,,1,185,,1006,12,,,1,185,,1007,12,,,1,145,,1008,12,,,1,185,,1009,12,,,1
30100,'06SU',1035,,1010,12,,,1,185,,1011,12,,,1,185,,1012,12,,,1,145,,1013,12,,,1,185,,1014,12,,,1,185,,1015,12,,,1,185,,1016,12,,,1,145,,1017,12,,,1,185,,1018,12,,,1
30100,'07MF',605,,1019,12,,,1,140,,1020,12,,,1,180,,1021,12,,,1,180,,1022,12,,,1,140,,1023,12,,,1,180,,1024,12,,,1,180,,1025,12,,,1,140,,1026,12,,,1,180,,1027,12,,,1,180,,1028,12,,,1,145,,1029,12,,,1,185,,1030,12,,,1
30100,'07SA',805,,1031,12,,,1,145,,1032,12,,,1,185,,1033,12,,,1,185,,1034,12,,,1,185,,1035,12,,,1,145,,1036,12,,,1,185,,1037,12,,,1,185,,1038,12,,,1,185,,1039,12,,,1,145,,1040,12,,,1
30100,'07SU',905,,1041,12,,,1,145,,1042,12,,,1,185,,1043,12,,,1,185,,1044,12,,,1,185,,1045,12,,,1,145,,1046,12,,,1,185,,1047,12,,,1,185,,1048,12,,,1,185,,1049,12,,,1
30100,'08MF',755,,1050,12,,,1,180,,1051,12,,,1,180,,1052,12,,,1,140,,1053,12,,,1,180,,1054,12,,,1,180,,1055,12,,,1,140,,1056,12,,,1,180,,1057,12,,,1,185,,1058,12,,,1,190,,1059,12,,,1
30100,'09MF',805,,1060,12,,,1,140,,1061,12,,,1,180,,1062,12,,,1,180,,1063,12,,,1,140,,1064,12,,,1,180,,1065,12,,,1,180,,1066,12,,,1,145,,1067,12,,,1,185,,1068,12,,,1,190,,1069,12,,,1,180,,1070,12,,,1
30100,'10MF',635,,1071,12,,,1,180,,1072,12,,,1,140,,1073,12,,,1,180,,1074,12,,,1,180,,1075,12,,,1,140,,1076,12,,,1,180,,1077,12,,,1,180,,1078,12,,,1
