30100,'01MF',750,,842,0,,,1,180,,843,0,,,1,180,,844,0,,,1,140,,845,0,,,1,180,,846,0,,,1,180,,847,0,,,1,140,,848,0,,,1,180,,849,0,,,1,185,,850,0,,,1,190,,851,0,,,1
30100,'01SA',600,,852,0,,,1,145,,853,0,,,1,185,,854,0,,,1,185,,855,0,,,1,185,,856,0,,,1,145,,857,0,,,1,185,,858,0,,,1,185,,859,0,,,1,185,,860,0,,,1,145,,861,0,,,1,185,,862,0,,,1
30100,'01SU',700,,863,0,,,1,145,,864,0,,,1,185,,865,0,,,1,185,,866,0,,,1,185,,867,0,,,1,145,,868,0,,,1,185,,869,0,,,1,185,,870,0,,,1,185,,871,0,,,1,145,,872,0,,,1,185,,873,0,,,1
30100,'02MF',615,,874,0,,,1,185,,875,0,,,1,140,,876,0,,,1,180,,877,0,,,1,180,,878,0,,,1,140,,879,0,,,1,180,,880,0,,,1,180,,881,0,,,1,145,,882,0,,,1,185,,883,0,,,1,190,,884,0,,,1
30100,'02SA',615,,885,0,,,1,185,,886,0,,,1,145,,887,0,,,1,185,,888,0,,,1,185,,889,0,,,1,185,,890,0,,,1,145,,891,0,,,1,185,,892,0,,,1,185,,893,0,,,1,185,,894,0,,,1
30100,'02SU',900,,895,0,,,1,145,,896,0,,,1,185,,897,0,,,1,185,,898,0,,,1,185,,899,0,,,1,145,,900,0,,,1,185,,901,0,,,1,185,,902,0,,,1,185,,903,0,,,1
30100,'03MF',630,,904,0,,,1,180,,905,0,,,1,140,,906,0,,,1,180,,907,0,,,1,180,,908,0,,,1,140,,909,0,,,1,180,,910,0,,,1,180,,911,0,,,1
30100,'03SA',630,,912,0,,,1,185,,913,0,,,1,185,,914,0,,,1,145,,915,0,,,1,185,,916,0,,,1,185,,917,0,,,1,185,,918,0,,,1,145,,919,0,,,1,185,,920,0,,,1,185,,921,0,,,1,185,,922,0,,,1
30100,'03SU',730,,923,0,,,1,185,,924,0,,,1,185,,925,0,,,1,145,,926,0,,,1,185,,927,0,,,1,185,,928,0,,,1,185,,929,0,,,1,145,,930,0,,,1,185,,931,0,,,1,185,,932,0,,,1
30100,'04MF',820,,933,0,,,1,180,,934,0,,,1,140,,935,0,,,1,180,,936,0,,,1,180,,937,0,,,1,140,,938,0,,,1,180,,939,0,,,1,180,,940,0,,,1,145,,941,0,,,1,190,,942,0,,,1
30100,'04SA',645,,943,0,,,1,185,,944,0,,,1,185,,945,0,,,1,185,,946,0,,,1,145,,947,0,,,1,185,,948,0,,,1,185,,949,0,,,1,185,,950,0,,,1,145,,951,0,,,1,185,,952,0,,,1
30100,'04SU',930,,953,0,,,1,185,,954,0,,,1,185,,955,0,,,1,145,,956,0,,,1,185,,957,0,,,1,185,,958,0,,,1,185,,959,0,,,1,145,,960,0,,,1,185,,961,0,,,1
30100,'05MF',645,,962,0,,,1,185,,963,0,,,1,180,,964,0,,,1,140,,965,0,,,1,180,,966,0,,,1,180,,967,0,,,1,140,,968,0,,,1,180,,969,0,,,1,185,,970,0,,,1,185,,971,0,,,1
30100,'05SA',700,,972,0,,,1,145,,973,0,,,1,185,,974,0,,,1,185,,975,0,,,1,185,,976,0,,,1,145,,977,0,,,1,185,,978,0,,,1,185,,979,0,,,1,185,,980,0,,,1,145,,981,0,,,1,185,,982,0,,,1
30100,'05SU',800,,983,0,,,1,145,,984,0,,,1,185,,985,0,,,1,185,,986,0,,,1,185,,987,0,,,1,145,,988,0,,,1,185,,989,0,,,1,185,,990,0,,,1,185,,991,0,,,1
30100,'06MF',700,,992,0,,,1,140,,993,0,,,1,180,,994,0,,,1,180,,995,0,,,1,140,,996,0,,,1,180,,997,0,,,1,180,,998,0,,,1,140,,999,0,,,1
30100,'06SA',715,,1000,0,,,1,185,,1001,0,,,1,145,,1002,0,,,1,185,,1003,0,,,1,185,,1004,0,,,1,185,,1005,0,,,1,145,,1006,0,,,1,185,,1007,0,,,1,185,,1008,0,,,1,185,,1009,0,,,1
30100,'06SU',1000,,1010,0,,,1,145,,1011,0,,,1,185,,1012,0,,,1,185,,1013,0,,,1,185,,1014,0,,,1,145,,1015,0,,,1,185,,1016,0,,,1,185,,1017,0,,,1,185,,1018,0,,,1
30100,'07MF',530,,1019,0,,,1,180,,1020,0,,,1,140,,1021,0,,,1,180,,1022,0,,,1,180,,1023,0,,,1,140,,1024,0,,,1,180,,1025,0,,,1,180,,1026,0,,,1,140,,1027,0,,,1,180,,1028,0,,,1,185,,1029,0,,,1,185,,1030,0,,,1
30100,'07SA',730,,1031,0,,,1,185,,1032,0,,,1,185,,1033,0,,,1,145,,1034,0,,,1,185,,1035,0,,,1,185,,1036,0,,,1,185,,1037,0,,,1,145,,1038,0,,,1,185,,1039,0,,,1,185,,1040,0,,,1
30100,'07SU',830,,1041,0,,,1,185,,1042,0,,,1,185,,1043,0,,,1,145,,1044,0,,,1,185,,1045,0,,,1,185,,1046,0,,,1,185,,1047,0,,,1,145,,1048,0,,,1,185,,1049,0,,,1
30100,'08MF',720,,1050,0,,,1,180,,1051,0,,,1,140,,1052,0,,,1,180,,1053,0,,,1,180,,1054,0,,,1,140,,1055,0,,,1,180,,1056,0,,,1,180,,1057,0,,,1,145,,1058,0,,,1,190,,1059,0,,,1
30100,'09MF',730,,1060,0,,,1,180,,1061,0,,,1,140,,1062,0,,,1,180,,1063,0,,,1,180,,1064,0,,,1,140,,1065,0,,,1,180,,1066,0,,,1,185,,1067,0,,,1,185,,1068,0,,,1,150,,1069,0,,,1,180,,1070,0,,,1
30100,'10MF',600,,1071,0,,,1,140,,1072,0,,,1,180,,1073,0,,,1,180,,1074,0,,,1,140,,1075,0,,,1,180,,1076,0,,,1,180,,1077,0,,,1,140,,1078,0,,,1
